1	1	10	43	5825543	69	60	0	1407606829	0	-24	вс	0	1414776005	-	424668	-	3
2	1	334	129	31	112227	2	1	1415699671	0	-29	пн	0	1386786500	86401	1274004	1415714518	21
2	1	1	5	5825543	315	25219	1	1415428541	0	-26	пн	0	1415612168	-	49380	-	16
1	1	422	2	5825543	392	44	1	1411245251	0	22	вс	0	1379156172	-	19752	-	20
1	1	0	580	7699829	500	161068	1	1354122839	0	26	вс	0	1415715882	3	5728080	1415715885	18
2	1	368	3	3646724	278	1318768	1	1403527650	0	26	пн	0	1383811681	-	29628	-	8
7	1	0	1	1906	211501	5	1	1410699768	0	26	сб	0	1415676088	0	9876	-	7
1	1	1	5	7699829	387	101	1	1412281159	0	10	вс	0	1415557048	-	49380	-	21
3	1	1126	175	7699829	15196	1318768	1	1415720896	0	-29	вт	0	1318333464	-	1728300	-	21
4	1	54	8	8537	26351	299	1	1411749250	0	17	ср	0	1410973327	-	79008	-	18
3	1	0	6	5825543	382	857	1	1407568924	0	-25	вт	0	1415699128	-	59256	-	13
5	1	320	396	1749	113	246	1	1415699397	0	-29	чт	0	1388035239	86401	3910896	1415698824	18
3	1	0	1	3646724	548	1318768	1	1404720499	0	26	вт	0	1415664376	0	9876	-	4
7	1	0	1	7699829	550	892160	1	1415725904	0	-29	сб	0	1415666731	0	9876	-	4
3	1	-	12	9	31	1	1	1389533169	0	26	вт	1	0	86401	118512	-	20
3	1	0	1	243048	22526	1	1	1415186776	0	-23	вт	0	1415699748	0	9876	-	13
1	1	0	1	7699829	201	103	1	1414428739	0	-14	вс	0	1415657060	-	9876	-	2
1	1	2	16	720373	142	67227	1	1409130126	0	26	вс	0	1415478013	-	158016	-	21
1	1	3	1	1931	5682	33	1	1415709997	0	-29	вс	0	1415437424	-	9876	-	20
2	1	0	1	765387	92	3	1	1407909944	0	26	пн	0	1415683567	-	9876	-	9
3	1	0	1	282351	487	1	1	1415688030	0	-29	вт	0	1415693440	-	9876	-	12
5	1	0	1	8289	3734	379798	1	1413309539	0	-1	чт	0	1415719419	0	9876	-	19
5	1	501	37	11	90	152	1	1415010692	0	-21	чт	0	1372362674	86401	365412	1415727121	21
5	1	0	1	321323	34927	6	1	1415562072	0	-27	чт	0	1415726447	0	9876	-	21
4	1	0	1	7699829	86277	379798	1	1388407259	0	26	ср	0	1415672955	0	9876	-	6
6	1	0	1	66530	179	22141	1	1338045228	0	26	пт	0	1415662523	0	9876	-	3
1	1	0	4	2667951	87	69	1	1382847636	0	26	вс	0	1415726870	16	39504	1415726886	21
7	1	0	1	263209	919	6876	1	1408170946	0	26	сб	0	1415687291	0	9876	-	10
6	1	430	1	7699829	378	7579	1	1415112421	0	-22	пт	0	1378543240	86401	9876	-	13
5	1	252	100	4823936	5568	598	1	1384951510	0	26	чт	0	1393859361	86401	987600	1415737971	0
4	1	41	146	100	11548	80	1	1407945084	0	26	ср	0	1412072723	86401	1441896	1415709291	20
4	1	0	1	7699829	169	13063	1	1413217566	0	0	ср	0	1415719320	-	9876	-	19
4	1	0	1	321323	2575	3550	1	1388424172	0	26	ср	0	1415701167	0	9876	-	14
3	1	0	1	19051	396	76	1	1415727612	0	-29	вт	0	1415682664	0	9876	-	9
7	1	0	4	720373	222	1318768	1	1407952094	0	-19	сб	0	1415692466	-	39504	-	11
2	1	18	221	5825543	61	1	1	1415478478	0	-26	пн	0	1414040009	86401	2182596	1415688195	16
2	1	0	1	7699829	3206	1209249	1	1415392279	0	-25	пн	0	1415670745	0	9876	-	5
5	1	57	297	119398	77	3	1	1414771701	0	-18	чт	0	1410764486	86401	2933172	1415700772	0
6	1	0	3	1114	418	23	1	1382365464	0	26	пт	0	1415665478	0	29628	1415665478	4
2	1	525	27	1116849	444	2	1	1394010527	0	26	пн	0	1370289460	-	266652	-	3
7	1	0	1	7699829	238	1293	1	1413371553	0	-2	сб	0	1415733824	0	9876	-	23
3	1	0	8	155472	175	5	1	1399987879	0	26	вт	0	1415722518	-	79008	-	22
3	1	34	43	987794	259	710175	1	1415734499	0	-29	вт	0	1412713896	-	424668	-	1
6	1	250	80	5509	22380	41713	1	1367492237	0	26	пт	0	1394013034	86401	790080	1415690830	11
1	1	993	616	1512	9724	1	1	1376579508	0	26	вс	0	1329853598	86401	6083616	1415720077	23
7	1	18	3	591572	44	2	1	1404336387	0	26	сб	0	1414087688	-	29628	-	0
4	1	14	56	5808	35819	1	1	1398275388	0	26	ср	0	1414437570	86401	553056	1415654497	1
5	1	6	2	66374	106785	1	1	1402381686	0	26	чт	0	1415118559	-	19752	-	1
5	1	0	4	7699829	39	5280	1	1413613397	0	-5	чт	0	1415718671	-	39504	-	19
4	1	11	8	2667951	718	13188	1	1404227133	0	26	ср	0	1414701288	86401	79008	1415707635	16
2	1	0	6	7699829	212228	58129	1	1414238518	1	-12	пн	0	1415722366	-	59256	-	20
2	1	55	23	7699829	382	379798	1	1414320018	0	-13	пн	0	1410889768	-	227148	-	23
7	1	0	1	1681632	590	11	1	1413370759	0	-2	сб	0	1415662569	0	9876	-	3
5	1	85	1	7699829	376	1366483	1	1378012051	0	-29	чт	0	1408294934	-	9876	-	12
1	1	0	2	124334	3284	34606	1	1415617075	0	-28	вс	0	1415702379	0	19752	-	14
7	1	0	1	533	112227	4	1	1408831925	0	17	сб	0	1415666942	0	9876	-	4
3	1	0	1	79356	286	21874	1	1413669100	0	-6	вт	0	1415737826	-	9876	-	0
5	1	407	9	4823936	449	1	1	1415123483	0	-22	чт	0	1380485451	86401	88884	1415697444	13
6	1	553	184	7699829	117	78	1	1408038594	0	26	пт	0	1367909578	86401	1817184	1415713843	19
4	1	0	13	36333	328	6	1	1412573326	0	7	ср	0	1415695536	0	128388	1415695536	12
5	1	0	1	5825543	445	515854	1	1402635730	0	24	чт	0	1415719337	0	9876	-	19
1	1	8	8	196330	176271	268	1	1408109544	0	26	вс	0	1414885973	-	79008	-	18
2	1	0	2	6452	633	2	1	1393911462	0	26	пн	0	1415661022	-	19752	-	3
2	1	17	10	48050	468	201	1	1271064298	0	26	пн	0	1414252887	-	98760	-	22
7	1	218	11	3122588	353	28	1	1390580530	0	26	сб	0	1396843242	-	108636	-	17
4	1	554	30	3122588	134	2	1	1415583767	0	-28	ср	0	1367851070	-	296280	-	23
5	1	9	7	7699829	768	9	1	1415712016	0	-29	чт	0	1414927725	-	69132	-	15
2	1	84	4	368121	409	1	1	1408951829	0	26	пн	0	1408389376	-	39504	-	18
2	1	0	6	1954269	420	710175	1	1415728283	0	-29	пн	0	1415663992	-	59256	-	4
2	1	0	2	1366	504	112	1	1410791079	0	26	пн	0	1415736061	-	19752	-	0
3	1	0	1	15	312	3	1	1400682339	0	26	вт	0	1415689174	-	9876	-	10
7	1	0	1	7699829	110369	4871	1	1415279010	0	-24	сб	0	1415697900	0	9876	-	13
4	1	0	109	82898	5437	1387	1	1365651899	0	26	ср	0	1415713413	-	1076484	-	20
5	1	0	3	5825543	39630	81000	1	1367909578	0	-1	чт	0	1415674777	0	29628	1415674777	6
1	1	0	1	987794	182	149339	1	1411641137	0	18	вс	0	1415710295	0	9876	-	16
3	1	66	6	473894	238	82	1	1406290376	0	26	вт	0	1409983010	-	59256	-	13
5	1	109	289	2267	125046	1	1	1403368941	0	23	чт	0	1406290376	86401	2854164	1415715435	21
4	1	0	1	5825543	167769	43	1	1399373084	0	26	ср	0	1415699951	-	9876	-	13
5	1	9	22	335639	328	765	1	1415546630	0	-27	чт	0	1414914098	-	217272	-	23
6	1	8	10	5825543	152565	1	1	1399628633	0	23	пт	0	1415014876	-	98760	-	20
1	1	22	21	5111	80232	30	1	1414299360	0	-13	вс	0	1413776764	-	207396	-	15
4	1	0	29	31126	354	1	1	1356955387	0	20	ср	0	1415721640	150	286404	1415721790	20
7	1	338	2	12035	326	600	1	1409729474	0	26	сб	0	1386493479	-	19752	-	22
6	1	158	1	7681	3998	2	1	1415729280	0	-29	пт	0	1402076371	-	9876	-	22
2	1	452	222	6119	211501	228	1	1380306479	0	-25	пн	0	1376673419	86401	2192472	1415735545	0
5	1	53	46	2667951	914	6	1	1409302987	0	26	чт	0	1411040785	-	454296	-	20
3	1	6	42	12655	229	2	1	1403981022	0	-20	вт	0	1415103220	-	414792	-	12
1	1	55	120	2667951	115888	1209249	1	1359993277	0	26	вс	0	1410933930	-	1185120	-	16
1	1	520	77	343061	966	18047	1	1393930884	0	26	вс	0	1370704974	86401	760452	1415686615	11
7	1	0	1	58878	361	158474	1	1412433144	0	9	сб	0	1415727934	0	9876	-	21
2	1	-	6	7699829	333	710175	1	1402761289	0	26	пн	1	0	0	59256	-	21
3	1	549	4	48050	115900	1366483	1	1352632754	0	26	вт	0	1368212866	-	39504	-	19
5	1	0	13	354208	3682	56	1	1415723447	0	-29	чт	0	1415682073	-	128388	-	22
7	1	272	21	4823936	444	1	1	1385968119	0	26	сб	0	1392206563	86401	207396	-	20
4	1	0	1	7699829	205	1318768	1	1415525080	0	-27	ср	0	1415705720	0	9876	-	15
7	1	0	2	13085	271	76507	1	1396023919	0	26	сб	0	1415702240	-	19752	-	14
7	1	0	3	7699829	409	1209249	1	1415617017	0	-28	сб	0	1415694775	0	29628	1415694775	12
3	1	0	1	7699829	490	35	1	1414996322	0	-21	вт	0	1415715242	0	9876	-	18
2	1	0	53	3646724	11946	515854	1	1402319092	0	26	пн	0	1415680230	27285	523428	1415707515	23
2	1	0	3	5825543	1522	1	1	1358869685	0	7	пн	0	1415726453	-	29628	-	21
4	1	0	1	7699829	389	1209249	1	1415627521	0	-28	ср	0	1415686574	0	9876	-	10
6	1	479	183	226759	54	149	1	1415708399	0	-29	пт	0	1374249309	86401	1807308	1415719025	23
3	1	18	3	1116849	284	13433	1	1406527791	0	26	вт	0	1414077200	-	29628	-	16
7	1	31	192	458140	394	203027	1	1394976275	0	26	сб	0	1412927225	-	1896192	-	17
7	1	21	381	7699829	17660	1318768	1	1413868310	0	-8	сб	0	1413867848	86401	3762756	1415688140	14
3	1	670	29	37871	303	283	1	1410764486	0	26	вт	0	1357723881	86401	286404	1415693420	19
4	1	0	1	7699829	2151	1	1	1401789425	0	24	ср	0	1415705549	0	9876	-	15
3	1	7	6	7921	606	2	1	1411374653	0	21	вт	0	1415004596	86401	59256	-	12
6	1	0	1	281004	658	631	1	1412173130	0	12	пт	0	1415710129	0	9876	-	16
5	1	32	122	7699829	446	7961	1	1345314400	0	26	чт	0	1412936530	86401	1204872	1415707050	22
4	1	262	9	5825543	389	31	1	1413365291	0	-2	ср	0	1393008946	-	88884	-	22
4	1	0	1	32911	377	1	1	1280465788	0	26	ср	0	1415726869	0	9876	-	21
5	1	0	14	3122588	22380	4	1	1413806496	0	-7	чт	0	1415729714	-	138264	-	22
4	1	986	46	133196	219	138	1	1414737379	0	-26	ср	0	1330449220	-	454296	-	16
7	1	69	19	726	120603	11	1	1415339559	0	-25	сб	0	1409723130	-	187644	-	19
2	1	60	4	5209	44	1	1	1409932443	0	26	пн	0	1410423636	-	39504	-	11
3	1	252	18	78067	606	1	1	1415277884	0	-28	вт	0	1393911462	86401	177768	1415728162	21
5	1	762	54	7699829	280	892160	1	1410025697	0	26	чт	0	1349806671	-	533304	-	1
3	1	120	3	117130	405	20	1	1394787915	0	26	вт	0	1405355292	-	29628	-	23
1	1	64	18	25762	212126	38	1	1415716357	0	-29	вс	0	1410090413	-	177768	-	14
2	1	24	3	720373	740	515854	1	1399642576	0	26	пн	0	1413586118	-	29628	-	8
3	1	266	36	2667951	464	309	1	1393989717	7	-9	вт	0	1392656622	-	355536	-	17
2	1	436	480	7882	180	1804	1	1415701426	0	-29	пн	0	1378022614	86401	4740480	-	17
4	1	0	1	1431	212126	20	1	1300091831	0	26	ср	0	1415676618	-	9876	-	7
6	1	0	197	103133	185206	156	1	1414308974	0	-13	пт	0	1415691008	-	1945572	-	11
1	1	0	3	2667951	297	224925	1	1415688079	0	-29	вс	0	1415711243	0	29628	1415711243	17
4	1	114	10	10489	211501	2	1	1415683262	0	-29	ср	0	1405791749	-	98760	-	20
1	1	0	19	3122588	65042	1	1	1402783117	0	-9	вс	0	1415729941	-	187644	-	22
7	1	0	1	7699829	300	114065	1	1405086358	0	26	сб	0	1415700228	0	9876	-	14
7	1	0	1	336023	120603	111	1	1372850598	0	9	сб	0	1415737943	0	9876	-	0
6	1	0	3	134404	343	7860	1	1396160731	0	26	пт	0	1415717110	0	29628	1415717110	18
1	1	1036	5	7699829	420	1315	1	1399394715	0	26	вс	0	1326105187	-	49380	-	14
2	1	0	5	29153	4550	3	1	1395333897	0	26	пн	0	1415717941	-	49380	-	19
2	1	0	1	75384	427	892160	1	1413738657	0	-6	пн	0	1415731248	0	9876	-	22
2	1	-	1	1116849	161	51	1	1414911144	0	-20	пн	0	0	-	9876	-	19
3	1	0	7	6167	191	2	1	1409498019	0	26	вт	0	1415702161	-	69132	-	14
4	1	172	3	336023	2108	8807	1	1415706680	0	-29	ср	0	1400850577	-	29628	-	21
2	1	29	4	5825543	5149	77	1	1400721724	0	26	пн	0	1413184013	-	39504	-	16
2	1	0	146	447	597	66	1	1413201415	0	0	пн	0	1415732874	-	1441896	-	0
5	1	0	18	28853	121	240	1	1346170522	0	-5	чт	0	1415731596	-	177768	-	23
4	1	123	2	4823936	320	1859	1	1319719739	0	26	ср	0	1405023442	-	19752	-	0
7	1	22	52	195902	80	1	1	1415708273	0	-29	сб	0	1413783892	-	513552	-	0
2	1	109	3	1681632	110369	207858	1	1410804686	0	26	пн	0	1406237550	-	29628	-	11
7	1	271	10	63940	115909	102990	1	1378385150	0	26	сб	0	1392266004	-	98760	-	20
2	1	0	1	71	111	3	1	1415057874	0	-29	пн	0	1415656802	-	9876	-	2
7	1	0	1	7699829	420	19825	1	1338479960	0	26	сб	0	1415681554	0	9876	-	8
2	1	57	869	5825543	350	2894	1	1413352860	0	-2	пн	0	1410720253	86401	8582244	1415654283	0
4	1	50	16	335639	7400	41184	1	1315840600	0	26	ср	0	1411285962	-	158016	-	17
6	1	18	52	88528	3365	1	1	1407232824	0	-9	пт	0	1414109476	-	513552	-	0
4	1	39	579	223224	40019	2	1	1340102816	0	23	ср	0	1412233967	86401	5718204	-	0
1	1	0	1	7699829	1253	13	1	1386253090	0	25	вс	0	1415693100	-	9876	-	12
6	1	227	69	343920	171	113	1	1415545583	0	-27	пт	0	1396021600	-	681444	-	0
6	1	132	71	7699829	275	892160	1	1404472753	0	26	пт	0	1404193979	-	701196	-	23
4	1	181	118	427	4454	27	1	1415682263	0	-29	ср	0	1399968675	86401	1165368	1415711327	17
1	1	0	1	542	2950	72	1	1414906182	0	-20	вс	0	1415677618	0	9876	-	7
1	1	4	12	5825543	399	36	1	1404401371	0	12	вс	0	1415292201	-	118512	-	22
2	1	302	3	62303	214	1284	1	1389956852	0	26	пн	0	1389546549	-	29628	-	12
3	1	8	17	5825543	306	179621	1	1415100903	0	-22	вт	0	1414935547	-	167892	-	19
2	1	144	5	987794	261	710175	1	1415628537	0	-28	пн	0	1403211467	-	49380	-	0
1	1	0	3	3646724	389	1318768	1	1350502314	0	26	вс	0	1415654963	0	29628	1415654963	1
5	1	0	1	7699829	1522	7555	1	1415697000	0	-29	чт	0	1415682221	0	9876	-	9
2	1	-	5	2399	78504	1	1	1410861274	0	26	пн	1	0	-	49380	-	3
5	1	0	14	185	223	1441	1	1415678415	0	-29	чт	0	1415684363	11	138264	1415684378	9
7	1	0	4	4631	187	1	1	1410842815	0	26	сб	0	1415717313	0	39504	1415717313	18
5	1	68	1	987794	408	710175	1	1415448067	0	-26	чт	0	1409717662	-	9876	-	7
1	1	681	7	2589	4368	20	1	1397386722	0	-29	вс	0	1356798813	-	69132	-	19
7	1	228	11	1258842	4616	11	1	1388435393	0	26	сб	0	1395947244	-	108636	-	19
7	1	219	9	3122588	27	161068	1	1343074373	0	26	сб	0	1396697957	-	88884	-	19
6	1	0	1	3646724	8741	515854	1	1393845906	0	26	пт	0	1415730724	0	9876	-	22
6	1	0	3	7699829	717	379798	1	1398667009	0	26	пт	0	1415657214	0	29628	1415657214	2
4	1	838	57	46683	3135	17091	1	1390334172	0	26	ср	0	1343231870	-	562932	-	10
6	1	0	1	1681632	152237	30806	1	1395847023	0	26	пт	0	1415716203	-	9876	-	18
2	1	251	7	7699829	87219	4440	1	1330603704	0	26	пн	0	1393941984	-	69132	-	15
2	1	637	32	471365	266	14	1	1396765597	0	26	пн	0	1360613155	-	316032	-	22
4	1	-	4	702073	106	549	1	1406887041	0	26	ср	0	0	-	39504	-	19
3	1	6	1	265956	364	1366483	1	1399801774	0	26	вт	0	1415200920	-	9876	-	22
1	1	0	1	3122588	1521	353	1	1369116929	0	26	вс	0	1415725296	-	9876	-	21
3	1	27	31	330417	273	5	1	1412183307	0	12	вт	0	1413359595	86401	306156	1415723244	21
6	1	192	355	319244	247	2404	1	1413785849	0	-7	пт	0	1399057243	86401	3505980	1415721302	23
5	1	386	89	7699829	766	379798	1	1366282510	0	26	чт	0	1382272741	-	878964	-	14
2	1	0	1	986	115900	4015	1	1415681901	0	-29	пн	0	1415664144	0	9876	-	4
5	1	155	3	413642	419	306	1	1412243175	0	11	чт	0	1402295182	-	29628	-	16
7	1	0	1	476714	7209	212	1	1381918186	0	26	сб	0	1415713460	-	9876	-	17
5	1	0	1	35	611	1	1	1413551760	0	-4	чт	0	1415653371	0	9876	1415653371	1
3	1	209	29	1116849	878	1245	1	1344018720	0	26	вт	0	1397596467	-	286404	-	21
1	1	0	9	4823936	120603	30071	1	1411916031	0	15	вс	0	1415718484	-	88884	-	19
2	1	0	1	5825543	405	444269	1	1413899497	0	-8	пн	0	1415692044	-	9876	-	11
5	1	232	3	19412	402	2	1	1415697820	0	-29	чт	0	1395639475	-	29628	-	21
5	1	0	3	5825543	110369	9	1	1409479041	0	26	чт	0	1415684881	0	29628	1415684881	9
7	1	0	1	1681632	2767	384457	1	1414876815	0	-20	сб	0	1415720872	-	9876	-	19
5	1	0	156	121675	129	787	1	1365000376	0	-2	чт	0	1415698804	-	1540656	-	13
2	1	0	5	7699829	341	132	1	1394525021	0	26	пн	0	1415643229	-	49380	-	3
2	1	81	21	1954269	434	348835	1	1411473582	0	20	пн	0	1408624483	86401	207396	1415697492	15
3	1	0	2	7699829	434	5910	1	1398365076	0	24	вт	0	1415697905	-	19752	-	13
5	1	4	195	2667951	70334	21	1	1348210039	0	26	чт	0	1415342084	-	1925820	-	19
7	1	0	1	282351	4863	41	1	1413372793	0	-2	сб	0	1415660264	0	9876	-	2
6	1	0	2	701567	13897	638	1	1415117750	0	-22	пт	0	1415723000	-	19752	-	20
3	1	0	1	623618	421	208132	1	1415374416	0	-26	вт	0	1415707761	0	9876	-	16
4	1	0	6	200544	284	2	1	1387512144	0	26	ср	0	1415656856	0	59256	1415656856	2
6	1	74	71	7699829	295	76	1	1415366461	0	-25	пт	0	1409247553	86401	701196	1415715166	23
3	1	0	2	7699829	5595	3659	1	1353089919	0	26	вт	0	1415724573	-	19752	-	20
7	1	182	104	7699829	409	671	1	1414002009	0	-9	сб	0	1399962156	86401	1027104	1415710786	20
1	1	0	1	7699829	1331	14834	1	1405341606	1	16	вс	0	1415701456	-	9876	-	14
7	1	281	17	7699829	15936	338	1	1413998262	0	-9	сб	0	1391362862	-	167892	-	21
5	1	0	1	1026	330	1	1	1410864121	0	26	чт	0	1415676529	0	9876	-	7
5	1	0	1	987794	365	892160	1	1406639701	0	26	чт	0	1415687482	-	9876	-	10
1	1	154	8	7699829	1685	1209249	1	1404926983	0	26	вс	0	1402330699	-	79008	-	19
1	1	0	1	7699829	308	515854	1	1364843113	0	26	вс	0	1415661346	-	9876	-	3
3	1	0	1	70437	374	11659	1	1346366091	0	26	вт	0	1415718581	-	9876	-	19
6	1	175	46	49785	306	1	1	1411024265	0	25	пт	0	1400529049	-	454296	-	0
1	1	157	11	3122588	96511	1	1	1398792720	0	26	вс	0	1402137222	86401	108636	1415712153	20
2	1	0	1	7699829	193	35959	1	1415691780	0	-29	пн	0	1415671956	-	9876	-	6
3	1	0	1	5825543	81	2195	1	1415715253	0	-29	вт	0	1415667780	-	9876	-	5
5	1	166	324	216618	178904	27716	1	1378267620	0	-20	чт	0	1401259824	86401	3199824	1415684821	22
6	1	1	3	7699829	1356	2	1	1362634926	0	26	пт	0	1415617747	-	29628	-	20
6	1	0	1	5825543	56177	444269	1	1414590454	0	-16	пт	0	1415694223	0	9876	-	12
7	1	-	2	7699829	1	58	1	1392318119	0	26	сб	0	0	-	19752	-	13
7	1	0	1	636853	271	17	1	1380708028	0	26	сб	0	1415720971	0	9876	-	19
1	1	0	1	7699829	26	1209249	1	1274194023	0	26	вс	0	1415667286	0	9876	-	4
7	1	0	2	702073	1988	26	1	1415728730	61	-29	сб	0	1415707001	-	19752	-	15
6	1	72	8	7699829	735	87137	1	1413291840	0	-5	пт	0	1409500260	-	79008	-	23
1	1	7	29	4823936	327	21229	1	1396010403	0	26	вс	0	1415093367	86401	286404	1415720680	0
3	1	0	2	987794	152911	21019	1	1410717751	0	26	вт	0	1415699336	-	19752	-	13
6	1	0	1	285097	158272	168	1	1401099453	0	26	пт	0	1415693315	0	9876	-	12
3	1	227	1	54193	302	37	1	1414388760	0	-14	вт	0	1396021102	-	9876	-	12
2	1	8	18	7699829	6571	1	1	1415394821	0	-27	пн	0	1414975583	-	177768	-	0
2	1	0	1	5825543	354	1650	1	1411128342	0	24	пн	0	1415708686	-	9876	-	16
2	1	98	56	83	1185	1	1	1393561312	0	26	пн	0	1407163918	86401	553056	1415684998	15
2	1	0	3	7699829	268	1318768	1	1366019443	0	26	пн	0	1415670503	-	29628	-	5
1	1	45	884	7699829	180532	472	1	1373947659	0	13	вс	0	1411787285	86401	8730384	1415687453	21
7	1	403	3	7699829	4541	1318768	1	1414219165	0	-12	сб	0	1380888327	-	29628	-	23
5	1	-	4	701567	315	55	1	1415087025	0	-22	чт	0	0	-	39504	-	6
5	1	705	8	1681632	211501	384457	1	1398401938	0	21	чт	0	1354746490	-	79008	-	21
2	1	0	1	134404	283	515854	1	1411977983	0	14	пн	0	1415682243	0	9876	-	9
2	1	0	1	8009	356	2023	1	1387737456	0	26	пн	0	1415654267	0	9876	-	1
4	1	1101	106	594528	98	1	1	1394041760	0	5	ср	0	1320569623	86401	1046856	1415723858	20
1	1	500	23	7699829	170	2	1	1415709283	0	-29	вс	0	1372484432	86401	227148	1415707195	16
6	1	0	1	7699829	7444	1366483	1	1415016166	0	-21	пт	0	1415707406	0	9876	-	16
5	1	0	1	5825543	295	828	1	1398744062	0	26	чт	0	1415656308	-	9876	-	1
5	1	0	2	246222	35645	50274	1	1390477473	0	26	чт	0	1415712214	-	19752	-	17
5	1	0	1	5825543	40852	6565	1	1415019293	0	-21	чт	0	1415733605	0	9876	-	23
7	1	516	30	11269	152565	258	1	1405570180	0	26	сб	0	1371071782	-	296280	-	0
2	1	0	1	156558	346	468	1	1412666685	0	6	пн	0	1415690466	0	9876	-	11
6	1	643	13	1258842	421	71941	1	1364729430	0	26	пт	0	1360093509	86401	128388	-	8
2	1	38	163	1258842	84128	42831	1	1412840442	0	4	пн	0	1412400118	86401	1609788	1415702470	15
3	1	0	2	7699829	389	892160	1	1414165957	0	-11	вт	0	1415707886	-	19752	-	16
4	1	27	1	3122588	325	1	1	1415425274	0	-26	ср	0	1413373148	-	9876	-	20
3	1	0	20	591572	15363	3	1	1389533849	0	26	вт	0	1415666458	-	197520	-	4
6	1	0	1	51296	27	2	1	1410087094	0	13	пт	0	1415722428	0	9876	-	20
3	1	11	35	3646724	744	1318768	1	1415699821	0	-29	вт	0	1414651843	-	345660	-	23
1	1	1	1	7699829	353	1209249	1	1413297005	0	-1	вс	0	1415561959	-	9876	-	1
7	1	10	539	7699829	1145	1209249	1	1410542784	0	-22	сб	0	1414778200	86401	5323164	1415653743	0
4	1	96	24	7699829	65042	93925	1	1408262557	0	18	ср	0	1407329176	-	237024	-	5
4	1	0	6	7972	318	1	1	1415716539	0	-29	ср	0	1415721911	-	59256	-	20
6	1	3	11	3122588	194	71941	1	1394223087	0	26	пт	0	1415436966	-	108636	-	18
2	1	120	4	7699829	222	892160	1	1363970996	0	26	пн	0	1405207333	-	39504	-	0
2	1	568	112	429282	303	6541	1	1414763299	0	-18	пн	0	1366565932	86401	1106112	1415725607	21
2	1	0	3	46683	310	1778	1	1407414992	0	26	пн	0	1415728426	0	29628	1415728426	21
5	1	15	17	7699829	496	892160	1	1415675877	0	-29	чт	0	1414334714	-	167892	-	18
4	1	0	1	3122588	582	36	1	1386786500	0	26	ср	0	1415685286	-	9876	-	9
7	1	41	20	5825543	106785	25	1	1408543382	0	26	сб	0	1412085029	86401	197520	-	21
1	1	6	162	52720	6782	5	1	1412072723	0	13	вс	0	1415077151	-	1599912	-	20
7	1	16	4	3646724	390	515854	1	1411725501	0	17	сб	0	1414263251	-	39504	-	8
7	1	553	30	44501	400	432	1	1413220830	0	0	сб	0	1367863907	86401	296280	-	3
5	1	0	1	5825543	56369	2	1	1415282094	0	-24	чт	0	1415720996	0	9876	-	19
7	1	0	1	170339	16906	77	1	1415560043	0	-27	сб	0	1415737540	0	9876	-	0
2	1	0	2	7699829	763	892160	1	1387807529	0	26	пн	0	1415726178	-	19752	-	21
5	1	0	2	11793	121579	36536	1	1411568429	0	19	чт	0	1415675512	-	19752	-	7
3	1	521	163	21109	21147	39	1	1392302851	0	26	вт	0	1370625167	86401	1609788	1415712550	18
1	1	0	1	136199	78504	4	1	1400651832	0	24	вс	0	1415693982	-	9876	-	12
1	1	93	116	64044	717	2	1	1400232507	0	26	вс	0	1407611189	-	1145616	-	22
6	1	0	1	265956	2926	6911	1	1415730019	0	-29	пт	0	1415694491	0	9876	-	12
7	1	270	23	3646724	202	1318768	1	1397006759	0	26	сб	0	1392364834	-	227148	-	23
2	1	0	3	11569	255	1366483	1	1398223758	0	26	пн	0	1415664457	0	29628	1415664457	4
7	1	-	2	4835	65070	998	1	1406809640	0	26	сб	0	0	-	19752	-	19
1	1	6	7	3122588	332	36905	1	1415709788	0	-29	вс	0	1415113053	86401	69132	1415690056	11
4	1	0	1	5825543	95904	44037	1	1413986011	0	-9	ср	0	1415672138	0	9876	-	6
7	1	285	142	5825543	2610	3446	1	1399974866	0	26	сб	0	1391030544	86401	1402392	1415723601	23
5	1	78	21	5825543	770	2	1	1414717705	0	-18	чт	0	1408946310	-	207396	-	17
5	1	0	4	130288	276	3150	1	1412757594	0	5	чт	0	1415726542	-	39504	-	21
5	1	0	6	21139	152012	20	1	1412922862	0	3	чт	0	1415717342	0	59256	1415717342	18
2	1	61	51	42369	416	2	1	1384750088	0	26	пн	0	1410370591	86401	503676	1415711864	17
5	1	12	2	592988	299318	65	1	1380978250	0	13	чт	0	1414604670	-	19752	-	19
6	1	144	34	155472	4385	1	1	1415729347	0	-29	пт	0	1403165637	86401	335784	1415682565	20
6	1	0	151	6139	55	1	1	1388157959	0	26	пт	0	1415684264	38	1491276	1415684302	10
7	1	32	324	1116849	22024	20160	1	1415530163	0	-27	сб	0	1412853273	-	3199824	-	16
4	1	0	31	29616	2020	30	1	1415714265	0	-29	ср	0	1415715798	-	306156	-	18
2	1	218	52	647	471	435	1	1310239492	0	26	пн	0	1396849826	86401	513552	1415715757	18
2	1	7	72	4823936	84936	1366483	1	1296280843	0	26	пн	0	1415041724	86401	711072	1415669285	5
5	1	62	1	176934	230	2376	1	1414756982	0	-18	чт	0	1410332297	-	9876	-	15
4	1	334	115	2667951	233	2366	1	1410807997	0	26	ср	0	1386783518	86401	1135740	-	8
2	1	1	225	3113	371	7	1	1388228803	0	26	пн	0	1415535089	-	2222100	-	23
6	1	182	552	124334	1	164	1	1408785637	0	26	пт	0	1399873142	86401	5451552	1415682707	16
3	1	3	35	476714	16453	4	1	1384187943	0	26	вт	0	1415470077	86401	345660	-	0
1	1	87	30	1681632	61810	270	1	1380781787	0	26	вс	0	1408065634	-	296280	-	0
5	1	0	8	7699829	469	143	1	1410079969	0	26	чт	0	1415588786	-	79008	-	21
3	1	1073	46	1681632	460	152	1	1326806766	0	26	вт	0	1322993328	86401	454296	1415733411	23
4	1	0	1	5825543	64	10924	1	1414519007	0	-15	ср	0	1415718538	-	9876	-	19
6	1	288	16	1162026	636	348835	1	1396515008	0	26	пт	0	1390802395	-	158016	-	13
4	1	69	216	12573	4430	5575	1	1407747626	0	26	ср	0	1409654154	86401	2133216	1415715669	23
3	1	0	1	4823936	3421	126	1	1415087246	0	-22	вт	0	1415690698	-	9876	-	11
7	1	23	42	5825543	3249	400	1	1413908352	0	-8	сб	0	1413616448	-	414792	-	18
1	1	0	1	7699829	360	269	1	1415724870	0	-29	вс	0	1415704785	-	9876	-	15
4	1	114	1	5825543	660	2886	1	1415564769	0	-27	ср	0	1405811438	-	9876	-	14
4	1	0	3	7699829	7121	4387	1	1414764450	0	-18	ср	0	1415717669	0	29628	1415717669	18
5	1	0	1	156558	304	22	1	1397196647	0	26	чт	0	1415665228	0	9876	-	4
3	1	0	6	2995	215	26	1	1334224648	0	26	вт	0	1415661124	-	59256	-	3
1	1	305	576	106888	369	4937	1	1366698826	0	-19	вс	0	1389273086	86401	5688576	1415687011	23
5	1	0	2	70437	160	3	1	1414397919	0	-14	чт	0	1415685460	-	19752	-	9
4	1	0	6	591572	2300	152	1	1412660428	0	6	ср	0	1415697103	-	59256	-	14
4	1	0	1	4823936	727	414	1	1401951603	0	26	ср	0	1415713617	-	9876	-	17
3	1	5	14	413642	317	1210	1	1345698536	0	26	вт	0	1415283515	-	138264	-	0
2	1	-	5	91687	116516	11455	1	1415603457	0	-28	пн	1	0	86401	49380	-	9
5	1	311	8	5825543	414	1198	1	1415293646	0	-24	чт	0	1388825089	-	79008	-	0
6	1	0	1	23692	12831	149780	1	1404417173	0	23	пт	0	1415727708	-	9876	-	21
1	1	0	3	202574	15348	50780	1	1415479415	0	-29	вс	0	1415704258	0	29628	1415704258	15
1	1	0	28	2667951	176	6	1	1390289972	0	26	вс	0	1415703925	10	276528	1415703935	15
1	1	0	4	18497	307	6	1	1414881824	0	-20	вс	0	1415700429	-	39504	-	14
5	1	0	1	243048	356	1	1	1401357210	0	26	чт	0	1415691057	0	9876	-	11
5	1	28	5	5262	152012	379798	1	1409235467	0	26	чт	0	1413278486	-	49380	-	14
2	1	0	3	330417	1599	3607	1	1412780401	0	5	пн	0	1415710796	0	29628	1415710796	16
4	1	0	1	7699829	204	1209249	1	1405566740	0	26	ср	0	1415706797	-	9876	-	15
2	1	774	4	7699829	7428	3040	1	1415184642	0	-23	пн	0	1348752511	-	39504	-	10
1	1	11	4	313641	1243	20	1	1322214832	0	26	вс	0	1414745143	-	39504	-	22
7	1	241	43	5077	70334	10	1	1353386841	0	24	сб	0	1394810514	-	424668	-	23
2	1	-	2	23661	116516	5	1	1381496138	1	26	пн	0	0	-	19752	-	16
2	1	0	102	3122588	383	66	1	1412165128	0	-8	пн	0	1415725321	-	1007352	-	21
6	1	959	34	9653	282	3219	1	1411044084	0	25	пт	0	1332743581	-	335784	-	18
6	1	0	1	5825543	1033	156243	1	1412364122	0	10	пт	0	1415698783	0	9876	-	13
1	1	474	8	66374	90	943	1	1409815347	0	26	вс	0	1374689666	-	79008	-	17
3	1	20	12	1116849	466	12549	1	1411402814	0	21	вт	0	1413888052	86401	118512	-	16
6	1	179	19	1954269	336	40057	1	1363178253	0	26	пт	0	1400232204	-	187644	-	21
6	1	1	7	245450	459	2	1	1385123375	0	26	пт	0	1415605754	-	69132	-	22
6	1	73	9	702073	764	12	1	1415177500	0	-23	пт	0	1409418657	-	88884	-	0
2	1	0	3	5825543	30827	5116	1	1410921827	0	26	пн	0	1415738278	0	29628	1415738278	0
2	1	35	887	473894	326	379798	1	1338220523	0	26	пн	0	1412623066	86401	8760012	1415733059	0
4	1	-	2	3122588	107	1	1	1396692085	0	26	ср	0	0	-	19752	-	11
4	1	0	4	7699829	433	172	1	1415718106	0	-29	ср	0	1415682059	-	39504	-	9
1	1	154	4	5825543	196	75	1	1399044775	0	26	вс	0	1402337796	-	39504	-	1
1	1	0	60	45810	322	1006	1	1415654438	0	-29	вс	0	1415691283	-	592560	-	19
1	1	3	116	94334	1	12228	1	1398710763	0	26	вс	0	1415365252	86401	1145616	1415700214	14
7	1	0	1	4399	179	14	1	1392282476	0	26	сб	0	1415658949	-	9876	-	2
1	1	7	7	447	399	1	1	1392989817	0	26	вс	0	1415029706	-	69132	-	2
7	1	112	26	594528	267	1	1	1371282377	0	26	сб	0	1405943122	-	256776	-	15
6	1	0	68	5825543	339	1366483	1	1412313798	0	10	пт	0	1415675138	0	671568	1415675138	7
1	1	10	88	5054	10105	2153	1	1415722535	0	-29	вс	0	1414757999	86401	869088	1415681072	20
5	1	0	4	4932	233	113	1	1343972923	0	26	чт	0	1415735132	-	39504	-	23
1	1	337	1	64890	13600	70	1	1413200808	0	-7	вс	0	1386578246	-	9876	-	22
6	1	0	2	225	7564	508	1	1415688811	0	-29	пт	0	1415729661	-	19752	-	22
6	1	0	1	4864	251	1	1	1384244232	0	26	пт	0	1415714429	0	9876	-	18
4	1	0	2	1954269	240	12211	1	1409671093	0	26	ср	0	1415677868	-	19752	-	7
3	1	152	2	15204	140846	266	1	1415695338	0	-29	вт	0	1402516770	-	19752	-	2
5	1	0	1	5825543	4673	444269	1	1414908238	0	-20	чт	0	1415719309	0	9876	-	19
1	1	0	1	5825543	429	1887	1	1378988318	0	26	вс	0	1415698748	0	9876	-	13
4	1	0	3	42826	4003	1007	1	1412954163	0	3	ср	0	1415657193	0	29628	1415657193	2
4	1	-	4	335639	6839	97	1	1395584198	0	26	ср	0	0	-	39504	-	1
4	1	-	2	7699829	164	172	1	1415123557	0	-22	ср	0	0	-	19752	-	4
6	1	0	3	7699829	117567	36459	1	1415394091	0	-26	пт	0	1415671063	0	29628	1415671063	5
6	1	668	59	7699829	369	2076	1	1308296138	0	26	пт	0	1357988142	-	582684	-	22
5	1	54	161	58090	317	1	1	1396832136	0	26	чт	0	1410978542	86401	1590036	1415701314	22
3	1	0	2	1681632	529	158474	1	1414825047	0	-19	вт	0	1415714338	-	19752	-	17
4	1	0	1	7699829	374	179621	1	1395304837	0	26	ср	0	1415739293	0	9876	-	0
4	1	312	5	313641	3373	341	1	1396414262	0	26	ср	0	1388734175	-	49380	-	23
4	1	0	2	5825543	26	33	1	1403584144	0	26	ср	0	1415732814	0	19752	-	23
4	1	0	1	591572	429	1	1	1409247553	0	26	ср	0	1415663034	-	9876	-	3
2	1	102	6	21699	7003	2	1	1392226426	0	26	пн	0	1406886599	-	59256	-	20
1	1	0	14	282351	229	1	1	1346942020	0	26	вс	0	1415682585	-	138264	-	9
7	1	0	2	5825543	119	240	1	1414996007	0	-21	сб	0	1415697577	0	19752	-	13
6	1	19	4	4823936	18802	10052	1	1415477226	0	-26	пт	0	1414061462	-	39504	-	18
1	1	0	2	7699829	110	91	1	1399972207	0	26	вс	0	1415704885	-	19752	-	15
1	1	132	5	6384	112227	1	1	1401344544	0	26	вс	0	1404219225	-	49380	-	21
3	1	38	471	5825543	717	2543	1	1414736286	0	-18	вт	0	1412364122	86401	4651596	1415722037	22
7	1	578	4	702073	285	12	1	1408543994	0	26	сб	0	1365712795	-	39504	-	1
1	1	164	10	1814	5	1	1	1415717342	0	-29	вс	0	1401483058	86401	98760	1415718531	19
4	1	0	2	765387	64195	1	1	1386815772	0	26	ср	0	1415679727	-	19752	-	8
7	1	58	9	32080	350	293	1	1412049028	0	13	сб	0	1410568804	-	88884	-	4
7	1	605	22	46098	97038	1	1	1377694152	0	24	сб	0	1363414192	-	217272	-	19
1	1	607	241	5825543	3238	6	1	1380462618	0	26	вс	0	1363205853	86401	2380116	1415692235	22
2	1	508	36	193	359	240	1	1401995109	0	26	пн	0	1371785893	-	355536	-	8
5	1	9	337	7699829	81	1318768	1	1392100685	0	26	чт	0	1414835384	-	3328212	-	2
5	1	0	2	7480	408	604	1	1412340079	0	7	чт	0	1415695712	-	19752	-	12
5	1	95	2	3122588	5252	268	1	1412773034	0	5	чт	0	1407428200	-	19752	-	18
4	1	0	11	7699829	624	1318768	1	1410114393	0	26	ср	0	1415612770	44828	108636	1415657598	2
6	1	278	6	240	366755	12017	1	1408120020	0	26	пт	0	1391610895	-	59256	-	16
1	1	-	58	3646724	475	1318768	1	1390131715	0	26	вс	0	0	-	572808	-	10
7	1	0	1	4739	372	5468	1	1401716269	0	26	сб	0	1415709509	0	9876	-	16
4	1	821	70	7699829	275	49	1	1415197991	0	-23	ср	0	1344774305	-	691320	-	21
4	1	0	1	7699829	5668	1890	1	1407433675	0	26	ср	0	1415671728	-	9876	-	6
3	1	0	1	40938	426	6451	1	1383423715	0	26	вт	0	1415710694	-	9876	-	16
3	1	0	1	5825543	323	1318768	1	1412601172	0	7	вт	0	1415667740	-	9876	-	5
2	1	1	2	8269	2067	15013	1	1395949078	0	24	пн	0	1415594233	-	19752	-	9
5	1	292	262	1116849	236	1366483	1	1414418740	0	-14	чт	0	1390391304	86401	2587512	1415685616	17
5	1	109	88	131918	7135	1	1	1399958928	0	26	чт	0	1406214751	86401	869088	1415703452	16
6	1	84	13	9653	6483	5	1	1413738568	0	-6	пт	0	1408362948	86401	128388	1415683254	9
4	1	284	3	458140	363	207858	1	1401083260	0	26	ср	0	1391108882	-	29628	-	0
3	1	219	126	156558	110369	2	1	1384190359	0	-12	вт	0	1396724067	86401	1244376	-	17
5	1	14	2	29971	58	8603	1	1348226709	0	26	чт	0	1414408209	-	19752	-	1
3	1	96	4	62865	355	4618	1	1381248573	0	26	вт	0	1407392868	-	39504	-	10
5	1	64	37	5825543	30827	1318768	1	1414996250	0	-21	чт	0	1410149521	-	365412	-	23
6	1	11	9	96155	322	795	1	1401711315	0	26	пт	0	1414760294	86401	88884	1415727206	21
1	1	0	1	1258842	6157	81517	1	1393433658	0	26	вс	0	1415711537	0	9876	-	17
7	1	0	6	3122588	311	65	1	1412344561	0	10	сб	0	1415733579	-	59256	-	23
2	1	0	13	1232	121579	2	1	1383705675	0	26	пн	0	1415702869	-	128388	-	15
5	1	19	11	5744	366755	1	1	1320740446	0	26	чт	0	1413988299	-	108636	-	19
7	1	330	2	5825543	13261	515854	1	1413642764	0	-5	сб	0	1387165271	-	19752	-	11
2	1	23	4	51287	418	1555	1	1346090309	0	21	пн	0	1413641742	-	39504	-	20
4	1	0	1	7699829	4017	2	1	1405349450	0	26	ср	0	1415717170	0	9876	-	18
7	1	32	88	7017	16130	1	1	1415123136	0	-22	сб	0	1412855390	86401	869088	1415694743	22
6	1	785	9	7096	250	101	1	1359385418	0	26	пт	0	1347866443	86401	88884	-	13
4	1	300	2	623618	100	161068	1	1395046672	0	26	ср	0	1389771967	86401	19752	-	12
1	1	0	3	4823936	9	296	1	1394361078	0	26	вс	0	1415683603	0	29628	1415683603	9
5	1	2	72	7699829	433	1209249	1	1361295647	0	-29	чт	0	1415471410	86401	711072	1415711975	23
7	1	198	18	92899	302	5	1	1303199477	0	26	сб	0	1398578584	86401	177768	1415736227	0
2	1	647	16	15595	364	16	1	1357853543	0	26	пн	0	1359739110	-	158016	-	20
6	1	0	9	43012	1832	110	1	1413875738	0	-8	пт	0	1415730892	-	88884	-	22
4	1	0	15	7699829	322	892160	1	1414157319	0	-11	ср	0	1415658866	-	148140	-	2
3	1	116	26	7699829	918	1	1	1415720379	0	-29	вт	0	1405672882	86401	256776	1415708308	16
7	1	82	529	3122588	438	65	1	1389975935	0	10	сб	0	1408538558	86401	5224404	1415695736	20
5	1	0	1	2667951	22	6	1	1406921577	0	26	чт	0	1415725239	0	9876	-	21
6	1	0	1283	3400	362	2	1	1415265729	0	-24	пт	0	1415643308	-	12670908	-	22
1	1	13	135	4208	120902	1	1	1390926006	0	26	вс	0	1414482027	86401	1333260	1415688277	18
1	1	0	2	7699829	2153	5108	1	1415376517	0	-25	вс	0	1415734621	-	19752	-	23
1	1	546	2	702073	27251	118884	1	1415115106	0	-22	вс	0	1368445892	-	19752	-	14
2	1	1003	55	3122588	320	1	1	1399197055	0	26	пн	0	1328945844	86401	543180	1415732043	22
4	1	78	1	4823936	387	53	1	1413115893	0	1	ср	0	1408982400	-	9876	-	0
2	1	0	1	7699829	16535	1366483	1	1412052526	0	13	пн	0	1415709967	0	9876	-	16
1	1	0	16	7699829	146206	214042	1	1394018586	0	26	вс	0	1415734433	-	158016	-	23
2	1	-	4	74226	152565	1	1	1415216472	0	-23	пн	0	0	-	39504	-	19
4	1	0	1	33880	78	8085	1	1413275433	0	-1	ср	0	1415724923	0	9876	-	20
6	1	50	27	223224	236	76	1	1409662440	0	26	пт	0	1411297661	-	266652	-	12
1	1	160	2	82247	1511	4225	1	1347957275	0	26	вс	0	1401781186	-	19752	-	9
7	1	0	1	545143	152754	224925	1	1414079128	0	-10	сб	0	1415672103	-	9876	-	6
6	1	0	5	3122588	7524	13	1	1405068665	0	26	пт	0	1415651272	-	49380	-	1
4	1	0	1	12229	143075	2	1	1415728406	0	-29	ср	0	1415708842	0	9876	-	16
3	1	310	22	100261	560	13401	1	1408442161	0	26	вт	0	1388920596	-	217272	-	23
3	1	0	18	8642	16778	13401	1	1415714994	0	-29	вт	0	1415703091	23	177768	-	14
2	1	137	5	80103	230	27889	1	1390305602	0	26	пн	0	1403849371	-	49380	-	20
5	1	0	1	476714	352	3349	1	1395215884	0	26	чт	0	1415716259	0	9876	-	18
7	1	18	1	7699829	60	89936	1	1414555448	0	-16	сб	0	1414070821	-	9876	-	16
3	1	0	2	1681632	433	3	1	1367510202	0	26	вт	0	1415691894	-	19752	-	11
6	1	382	11	2602	28396	4	1	1415707845	0	-29	пт	0	1382619322	-	108636	-	23
4	1	0	28	166683	282	2	1	1395233008	0	26	ср	0	1415715712	-	276528	-	22
6	1	-	5	4374	931	1318768	1	1415691963	0	-29	пт	1	0	0	49380	-	16
4	1	0	7	701567	97038	448	1	1406819503	0	17	ср	0	1415716324	-	69132	-	18
1	1	112	3	7699829	355	892160	1	1415179075	0	-23	вс	0	1406000021	-	29628	-	21
7	1	0	1	219	56	14	1	1415608486	0	-28	сб	0	1415696799	0	9876	-	13
6	1	504	50	7681	152565	31	1	1371840416	0	26	пт	0	1372081518	-	493800	-	21
2	1	-	3	7699829	11946	2	1	1400086834	0	12	пн	0	0	-	29628	-	0
5	1	0	1	24654	594	181	1	1331879084	0	26	чт	0	1415665855	0	9876	-	4
3	1	0	1	1480	427	171	1	1358756255	0	26	вт	0	1415726656	-	9876	-	21
5	1	5	5	3122588	329	8	1	1365130580	0	21	чт	0	1415284775	-	49380	-	23
2	1	0	1	53	4902	6146	1	1415730297	0	-29	пн	0	1415672215	0	9876	-	6
5	1	0	1	3122588	651	1	1	1399968675	0	14	чт	0	1415688272	0	9876	-	10
4	1	0	4	3646724	180532	1318768	1	1402319418	0	26	ср	0	1415734308	-	39504	-	23
6	1	17	7	636853	57	6975	1	1385802915	0	26	пт	0	1414196943	-	69132	-	15
2	1	48	82	216036	90	1	1	1397382734	0	26	пн	0	1411471128	-	809832	-	17
7	1	0	1	5	287	2	1	1415654752	0	-29	сб	0	1415691212	-	9876	-	11
6	1	0	1	3646724	65070	1318768	1	1391925551	0	3	пт	0	1415722205	0	9876	-	20
7	1	0	1	46795	164	57	1	1415342407	0	-25	сб	0	1415654132	0	9876	-	1
7	1	102	2	5825543	352	523	1	1415627545	0	-28	сб	0	1406830277	-	19752	-	2
6	1	181	6	7699829	234	147	1	1383166802	0	26	пт	0	1400013863	-	59256	-	12
6	1	93	34	720373	5520	1318768	1	1390213163	0	12	пт	0	1407610844	86401	335784	1415690854	11
4	1	16	62	227972	140846	1	1	1383327289	0	26	ср	0	1414242160	86401	612312	1415707371	20
2	1	88	171	3122588	374	62294	1	1380964246	0	26	пн	0	1408038594	86401	1688796	1415720708	0
6	1	14	1609	7699829	8345	46584	1	1401989253	0	26	пт	0	1414389511	86401	15890484	1415727249	0
3	1	43	165	7699829	225	892160	1	1415554861	0	-27	вт	0	1411931992	-	1629540	-	23
6	1	11	96	3997	196	1	1	1415693258	0	-29	пт	0	1414663612	-	948096	-	18
7	1	0	1	61491	45	10	1	1415688205	0	-29	сб	0	1415662209	0	9876	-	3
7	1	54	1	13753	129130	1	1	1413214009	0	0	сб	0	1410948539	-	9876	-	7
5	1	2	1	7699829	341	28717	1	1415533827	0	-27	чт	0	1415546826	-	9876	-	19
6	1	0	1	7699829	359	1347	1	1414228252	0	-12	пт	0	1415718353	0	9876	-	19
4	1	0	41	487	97343	122	1	1415163937	0	-23	ср	0	1415705198	31	404916	1415705229	15
5	1	0	6	321323	213	1	1	1411145518	0	24	чт	0	1415679193	1	59256	-	8
5	1	0	1	1116849	146	30113	1	1399537655	0	11	чт	0	1415686556	0	9876	-	10
7	1	0	1	1681632	531	309	1	1363927627	0	21	сб	0	1415713566	0	9876	-	17
7	1	0	1	633661	169	153	1	1405423116	0	26	сб	0	1415713936	-	9876	-	17
6	1	0	1	339181	123	22201	1	1390942210	0	26	пт	0	1415727080	0	9876	-	21
2	1	0	1	282351	554	18438	1	1414395181	0	-14	пн	0	1415735036	0	9876	-	23
7	1	0	1	335639	80	123	1	1411638816	0	18	сб	0	1415662403	0	9876	-	3
6	1	1	1	6407	160	5809	1	1390052880	0	26	пт	0	1415634313	-	9876	-	23
1	1	3	139	3122588	261	1	1	1415711208	0	-29	вс	0	1415359371	86401	1372764	1415655353	0
4	1	9	110	16559	374	25	1	1386852286	0	25	ср	0	1414859136	86401	1086360	1415729234	23
7	1	348	676	3122588	110205	1	1	1397294169	0	22	сб	0	1385569990	86401	6676176	1415718011	0
2	1	133	1	5825543	338	710175	1	1394734010	0	26	пн	0	1404236897	-	9876	-	23
1	1	19	9	3122588	127	1366483	1	1406353584	0	26	вс	0	1414022931	-	88884	-	19
2	1	0	1	7699829	15986	1209249	1	1415734433	0	-29	пн	0	1415736362	0	9876	-	0
6	1	142	4	2667951	349	715	1	1415459769	0	-26	пт	0	1403416733	-	39504	-	19
4	1	0	1	4876	15453	1209249	1	1415654198	0	-29	ср	0	1415697544	-	9876	-	13
2	1	0	1	8514	1283	3	1	1414740708	0	-18	пн	0	1415687171	0	9876	-	10
3	1	0	22	3122588	22024	348835	1	1414483084	0	-15	вт	0	1415709152	-	217272	-	16
1	1	101	243	18936	669	227	1	1391109973	0	26	вс	0	1406909246	86401	2399868	1415654267	0
5	1	38	2	3122588	4687	1843	1	1390402256	0	26	чт	0	1412431979	-	19752	-	23
2	1	19	2	4823936	9198	151	1	1415264860	0	-24	пн	0	1414063175	-	19752	-	23
6	1	0	1	2667951	26534	9	1	1415684344	0	-29	пт	0	1415658133	0	9876	-	2
4	1	39	9	7699829	18610	25307	1	1411914494	0	15	ср	0	1412260501	86401	88884	1415706627	15
4	1	253	30	2667951	350	158474	1	1405770727	0	26	ср	0	1393723215	86401	296280	1415659909	2
5	1	0	9	4182	424	51	1	1399362926	0	26	чт	0	1415721346	21	88884	1415721415	19
5	1	303	17	3122588	329	1195	1	1405583934	0	7	чт	0	1389447838	-	167892	-	18
6	1	0	30	3646724	23	78	1	1406181115	0	26	пт	0	1415678337	-	296280	-	19
1	1	0	1	1116849	183	208132	1	1412746859	0	5	вс	0	1415710670	0	9876	-	16
3	1	0	2	17864	3	1	1	1389557250	0	26	вт	0	1415658352	-	19752	-	2
2	1	0	2	540578	35817	118884	1	1415478088	0	-26	пн	0	1415716552	-	19752	-	18
7	1	618	14	451	344	13	1	1415695249	0	-29	сб	0	1362219606	-	138264	-	23
4	1	25	44	330417	6938	976	1	1415347177	0	-25	ср	0	1413485509	-	434544	-	23
2	1	0	1	85699	28346	24260	1	1415172028	0	-23	пн	0	1415705543	0	9876	1415705543	15
1	1	156	206	415	6645	1	1	1411042930	0	25	вс	0	1402136882	-	2034456	-	0
4	1	0	10	22320	345	1494	1	1357726792	0	26	ср	0	1415695413	-	98760	-	12
1	1	27	2	591572	227	7774	1	1375339127	0	26	вс	0	1413297300	-	19752	-	10
1	1	0	20	52986	19	83	1	1391334717	0	26	вс	0	1415666248	-	197520	-	4
3	1	0	2	3384	230	6	1	1392477815	0	26	вт	0	1415703908	-	19752	-	15
6	1	0	1	7699829	6801	202	1	1415629719	0	-28	пт	0	1415717305	0	9876	-	18
6	1	14	1	117619	328	3155	1	1318173060	0	26	пт	0	1414440396	-	9876	-	3
4	1	0	7	20175	366755	27671	1	1408797135	0	26	ср	0	1415705796	-	69132	-	17
3	1	445	22	7699829	115325	337	1	1390319901	0	26	вт	0	1377263582	86401	217272	1415729476	23
3	1	22	14	5825543	1175	11	1	1412529294	0	8	вт	0	1413749384	-	138264	-	0
6	1	340	76	196330	239	642	1	1415164369	0	-23	пт	0	1386253090	86401	750576	1415715354	18
6	1	125	6	4823936	992	31	1	1396425555	0	26	пт	0	1404888652	-	59256	-	18
6	1	53	90	28548	483	1	1	1397122375	0	26	пт	0	1411109179	86401	888840	1415712084	17
7	1	0	1	7699829	1018	29	1	1415191353	0	-23	сб	0	1415684193	0	9876	-	9
2	1	94	250	476714	401	50	1	1361792722	0	26	пн	0	1407508591	-	2469000	-	0
4	1	1130	34	220034	469	12815	1	1361063179	0	24	ср	0	1317993876	86401	335784	1415694046	18
7	1	32	5	7699829	348	1209249	1	1407949466	0	26	сб	0	1412878461	-	49380	-	6
3	1	37	28	4823936	56177	12135	1	1411222228	0	23	вт	0	1412524617	86401	276528	1415726993	22
7	1	131	1740	3122588	120	39	1	1412349373	0	10	сб	0	1404390172	86401	17184240	1415730758	22
6	1	39	31	1954269	9373	39938	1	1412681037	0	6	пт	0	1412340079	86401	306156	1415720419	19
1	1	0	1	987794	4690	710175	1	1405216078	0	26	вс	0	1415658313	-	9876	-	2
6	1	0	1	7699829	3017	10616	1	1415685873	0	-29	пт	0	1415722111	0	9876	-	20
7	1	27	2086	4823936	279	1	1	1408893360	0	22	сб	0	1413298095	86401	20601336	1415667122	15
7	1	0	3	1116849	430	7138	1	1409647414	0	26	сб	0	1415729659	0	29628	1415729659	22
5	1	1118	64	7699829	4167	93925	1	1398172259	0	-10	чт	0	1319034338	86401	632064	1415701850	15
5	1	229	2	7699829	368	19	1	1415717081	0	-29	чт	0	1395933236	-	19752	-	23
2	1	94	181	7699829	199	369	1	1403887965	0	26	пн	0	1407504900	86401	1787556	1415669489	14
1	1	0	33	133196	173	7986	1	1415690743	0	-29	вс	0	1415723801	0	325908	1415723801	20
5	1	225	471	588	203	29	1	1364653283	0	26	чт	0	1396150084	86401	4651596	1415677802	22
7	1	0	25	325	1293	43	1	1322563476	0	26	сб	0	1415735391	-	246900	-	23
2	1	0	1	1258842	324	208132	1	1415694330	0	-29	пн	0	1415677744	0	9876	-	7
1	1	0	1	59138	8919	1599	1	1391396002	0	26	вс	0	1415712073	-	9876	-	17
1	1	88	15	48817	120	158474	1	1408956858	0	26	вс	0	1408022864	-	148140	-	16
1	1	-	1	9716	560	48	1	1415732138	0	-29	вс	0	0	-	9876	-	22
2	1	416	68	3646724	212126	1318768	1	1385401397	0	26	пн	0	1379679981	86401	671568	1415680003	19
3	1	0	4	182870	1870	18	1	1387208907	0	26	вт	0	1415666179	-	39504	-	4
2	1	0	2	9171	2437	10	1	1385138907	0	26	пн	0	1415681680	0	19752	-	8
2	1	348	1156	2667951	234	1071	1	1410556284	0	26	пн	0	1385542057	86401	11416656	1415712055	22
6	1	109	3	347	402	1	1	1415653626	0	-29	пт	0	1406234771	-	29628	-	11
6	1	78	3	292413	409	207	1	1415026316	0	-22	пт	0	1408916716	-	29628	-	16
4	1	0	1	3646724	132	11229	1	1390687466	0	26	ср	0	1415692625	-	9876	-	11
6	1	-	2	234	223	2	1	1415687066	0	-29	пт	0	0	-	19752	-	15
4	1	0	5	88009	10444	100	1	1392266358	0	14	ср	0	1415716411	-	49380	-	18
2	1	7	9	265956	3431	126342	1	1365020520	0	26	пн	0	1415035445	86401	88884	1415722757	20
2	1	0	3	591572	35817	15	1	1415349920	0	-25	пн	0	1415707395	0	29628	1415707395	16
3	1	450	311	8893	306	10	1	1390485684	0	26	вт	0	1376764306	86401	3071436	1415689667	0
5	1	366	72	185468	398	2	1	1405959709	0	26	чт	0	1384073292	86401	711072	1415697151	18
1	1	328	1	1954269	86773	154974	1	1410786257	0	26	вс	0	1387311529	-	9876	-	18
4	1	0	1	3679	390	15	1	1405945201	0	26	ср	0	1415670465	0	9876	-	5
6	1	221	102	227972	427	218	1	1415723538	0	-29	пт	0	1396514166	86401	1007352	1415737102	0
2	1	-	199	1681632	246	1	1	1387212577	0	26	пн	1	0	0	1965324	-	15
7	1	1	14	3122588	295	1	1	1303633821	0	19	сб	0	1415589706	-	138264	-	10
5	1	5	2	17	300	1	1	1372410830	0	26	чт	0	1415208779	-	19752	-	10
2	1	-	2	259036	16906	10	1	1307720181	0	26	пн	0	0	-	19752	-	1
3	1	5	228	2621	323	24	1	1371217086	0	26	вт	0	1415216472	86401	2251728	1415653497	0
4	1	-	2	66530	523	22141	1	1415713642	0	-29	ср	0	0	-	19752	-	22
3	1	7	5	30554	141	229	1	1415625743	0	-28	вт	0	1415026339	-	49380	-	10
1	1	672	30	7699829	243	1318768	1	1415128568	0	-22	вс	0	1357610142	86401	296280	-	12
4	1	34	21	7699829	4281	146	1	1410680156	0	26	ср	0	1412707795	-	207396	-	15
5	1	253	7	5825543	212	444269	1	1390559016	0	26	чт	0	1393774896	86401	69132	1415692934	12
5	1	0	4	7699829	17074	1	1	1398958871	0	26	чт	0	1415665396	0	39504	1415665396	4
2	1	0	2	143456	174	27700	1	1380720144	0	26	пн	0	1415734758	-	19752	-	23
5	1	70	57	115696	689	996	1	1399877152	0	7	чт	0	1409638588	86401	562932	1415737242	0
1	1	0	1	3122588	868	4	1	1389695977	0	26	вс	0	1415721029	-	9876	-	19
3	1	9	1	5825543	223	1	1	1406275460	0	26	вт	0	1414899051	-	9876	-	19
1	1	852	2	8673	86879	1	1	1408339267	0	26	вс	0	1342108379	-	19752	-	21
2	1	68	21	6493	367	5342	1	1414437570	0	-14	пн	0	1409758980	-	207396	-	19
4	1	3	3	1162	26	25	1	1374910786	0	26	ср	0	1415354590	-	29628	-	17
1	1	0	1	343061	26534	7522	1	1414825144	0	-19	вс	0	1415703314	-	9876	-	14
2	1	4	1	5825543	542	1318768	1	1409888840	0	26	пн	0	1415320921	-	9876	-	0
3	1	0	1	223224	253	1	1	1412323146	0	10	вт	0	1415681501	0	9876	-	8
2	1	239	39	683	117	2	1	1413770108	0	-7	пн	0	1395033536	86401	385164	1415736951	0
6	1	114	562	7699829	233	17053	1	1412855390	0	4	пт	0	1405797328	86401	5550312	1415684978	0
2	1	23	121	7699829	33222	1018	1	1415114081	0	-22	пн	0	1413688736	86401	1194996	1415724498	23
4	1	0	1	32911	85	45	1	1414310126	0	-13	ср	0	1415725092	0	9876	-	20
1	1	424	8	3646724	433	1318768	1	1415356559	0	-25	вс	0	1379030908	-	79008	-	19
6	1	265	249	7699829	773	515854	1	1410267316	0	26	пт	0	1392730270	86401	2459124	1415656942	23
2	1	0	1	4421	1408	41	1	1406005552	0	26	пн	0	1415659379	0	9876	-	2
6	1	0	6	1258842	86	113	1	1380216683	0	26	пт	0	1415726274	-	59256	-	23
6	1	0	1	3122588	248	631	1	1415520623	0	-27	пт	0	1415721209	0	9876	-	19
2	1	8	2	289	331	8	1	1415458862	0	-26	пн	0	1414963399	-	19752	-	3
7	1	0	1	7699829	340	3192	1	1389039375	0	26	сб	0	1415687087	0	9876	-	10
3	1	0	1	4823936	382	55	1	1412789848	0	5	вт	0	1415696239	0	9876	-	12
4	1	0	3	12624	141979	277291	1	1412776925	0	5	ср	0	1415734584	-	29628	-	23
1	1	0	3	193795	115909	5093	1	1376499244	0	26	вс	0	1415720575	-	29628	-	19
1	1	-	2	5825543	740	1366483	1	1409369248	0	26	вс	0	0	-	19752	-	5
5	1	106	215	1258842	2918	208132	1	1381591522	0	26	чт	0	1406523692	86401	2123340	1415683037	0
2	1	502	53	7699829	2648	710175	1	1409038381	0	26	пн	0	1372264963	-	523428	-	12
7	1	56	1	5825543	4437	34606	1	1408722566	0	26	сб	0	1410886448	-	9876	-	0
3	1	142	190	239985	382	46	1	1387279674	0	26	вт	0	1403373656	86401	1876440	1415696911	14
3	1	250	37	7699829	412	892160	1	1389036606	0	26	вт	0	1393997201	-	365412	-	23
6	1	0	1	7699829	4480	1209249	1	1403691710	0	26	пт	0	1415735766	0	9876	-	23
1	1	5	5	757	380	4	1	1415684789	0	-29	вс	0	1415189800	-	49380	-	14
3	1	15	10	268035	498	6464	1	1358304564	0	26	вт	0	1414293522	-	98760	-	12
7	1	417	9	5825543	116516	1318768	1	1411686035	0	17	сб	0	1379586701	-	88884	-	19
4	1	0	1	4823936	125046	710175	1	1414943549	0	-20	ср	0	1415672117	0	9876	-	6
5	1	34	1	54208	3448	11	1	1411565914	0	19	чт	0	1412768248	-	9876	-	22
2	1	0	5	37518	61	36	1	1414075935	0	-10	пн	0	1415662113	-	49380	-	3
4	1	0	1	24312	261	20	1	1338136688	0	17	ср	0	1415676778	0	9876	-	7
3	1	117	1	7699829	4230	1694	1	1340089740	0	26	вт	0	1405608197	-	9876	-	21
7	1	0	1	33462	8565	1419	1	1387958213	0	-23	сб	0	1415712547	0	9876	-	17
2	1	0	27	5825543	398	22504	1	1414065244	0	-10	пн	0	1415697679	-	266652	-	17
6	1	0	1	636853	273	43	1	1415598224	0	-28	пт	0	1415668636	-	9876	-	5
6	1	220	186	1954269	811	154974	1	1412308171	0	10	пт	0	1396621838	-	1836936	-	20
1	1	0	1	4823936	110	1366483	1	1382384679	0	-16	вс	0	1415709975	0	9876	-	16
2	1	469	187	2667951	307	1243	1	1414791954	0	-19	пн	0	1375106395	86401	1846812	1415678953	13
4	1	0	32	5825543	29022	444269	1	1387392621	0	26	ср	0	1415709337	3	316032	-	16
4	1	0	12	7699829	252	892160	1	1403607873	0	26	ср	0	1415698103	-	118512	-	13
6	1	384	2	666	106717	1049	1	1410277277	0	26	пт	0	1382509560	-	19752	-	13
4	1	0	8	7699829	299318	30051	1	1413464009	0	-3	ср	0	1415721180	-	79008	-	19
2	1	0	1	7699829	378	277291	1	1414593689	0	-16	пн	0	1415689311	0	9876	-	11
2	1	0	1	2667951	2	4	1	1378298126	0	21	пн	0	1415678583	0	9876	-	8
1	1	0	315	854	159	6	1	1415688896	0	-29	вс	0	1415693376	-	3110940	-	21
4	1	0	1	5825543	4097	1366483	1	1404321708	0	26	ср	0	1415679007	0	9876	-	8
1	1	115	103	1116849	416	480	1	1413856699	0	-8	вс	0	1405695985	-	1017228	-	18
7	1	281	24	49537	11263	2100	1	1414949487	0	-20	сб	0	1391387186	-	237024	-	10
6	1	20	445	17446	573	3	1	1379436266	0	26	пт	0	1413904593	86401	4394820	1415690989	0
1	1	0	39	226854	176	144	1	1374497492	0	26	вс	0	1415654624	0	385164	1415654624	1
1	1	394	150	98132	81054	1220	1	1415625645	0	-28	вс	0	1381591522	86401	1415701021	19
7	1	-	5	458140	143075	207858	1	1415724696	0	-29	сб	0	0	-	49380	-	20
4	1	0	25	220034	112227	1	1	1415612770	0	-29	ср	0	1415686458	-	246900	-	11
7	1	325	87	2667951	309	1	1	1413898582	0	-8	сб	0	1387624611	86401	859212	1415715271	19
4	1	24	2	141540	96511	1	1	1415206304	1	-23	ср	0	1413596485	-	19752	-	10
4	1	139	100	169571	63	149780	1	1415695536	0	-29	ср	0	1403620216	-	987600	-	0
5	1	1167	465	3646724	143075	1318768	1	1351342322	0	26	чт	0	1314868689	86401	4592340	1415712495	18
2	1	0	239	5825543	180	7464	1	1407759137	0	26	пн	0	1415646829	48291	2360364	1415695130	0
5	1	0	1	1226	1577	1	1	1415439438	0	-27	чт	0	1415721197	-	9876	-	19
4	1	0	6	1954269	325	348835	1	1414267713	0	-13	ср	0	1415720384	0	59256	1415720384	19
5	1	253	1	3122588	205	361	1	1415520602	0	-27	чт	0	1393812378	-	9876	-	7
5	1	574	31	2667951	153	1248	1	1415369001	0	-25	чт	0	1366044585	-	306156	-	0
6	1	0	1	7699829	487	6	1	1392631429	0	26	пт	0	1415709395	-	9876	-	16
4	1	216	54	1258842	339	107	1	1383794923	0	26	ср	0	1397006759	86401	533304	1415693055	13
7	1	59	13	54281	411	127	1	1352725135	0	26	сб	0	1410547167	-	128388	-	19
1	1	70	39	4823936	298	9	1	1414826022	0	-19	вс	0	1409595090	-	385164	-	23
1	1	159	24	25421	86773	467	1	1385569990	0	-5	вс	0	1401913385	-	237024	-	23
4	1	5	2	354208	1242	53	1	1393508014	0	26	ср	0	1415215488	-	19752	-	18
7	1	4	4	636853	743	379798	1	1413571518	0	-4	сб	0	1415381490	-	39504	-	23
3	1	316	58	7699829	140846	135	1	1414206160	0	-12	вт	0	1388373686	-	572808	-	23
1	1	164	46	302	56	36459	1	1414349873	0	-13	вс	0	1401461265	-	454296	-	20
7	1	0	1	173674	832	5049	1	1412588654	0	7	сб	0	1415704012	0	9876	-	15
4	1	1706	28	3669	421	11	1	1354894359	0	24	ср	0	1268255040	-	276528	-	15
5	1	-	12	5825543	1063	4	1	1294058218	0	26	чт	0	0	-	118512	-	23
7	1	12	3	5825543	279	64036	1	1413290763	0	-1	сб	0	1414659106	-	29628	-	17
3	1	-	4	3646724	14187	1318768	1	1410692809	0	26	вт	1	0	86401	39504	-	7
2	1	635	431	7699829	199	1	1	1415433942	0	-26	пн	0	1360759916	86401	4256556	-	14
3	1	0	1	419	212228	1	1	1412793234	0	5	вт	0	1415724198	0	9876	-	20
1	1	0	2	592988	8675	3	1	1414308783	0	-13	вс	0	1415670288	-	19752	-	5
5	1	51	107	1116849	354	220	1	1290626230	0	26	чт	0	1411213052	-	1056732	-	0
4	1	0	34	5825543	302	444269	1	1347284015	0	26	ср	0	1415682664	12	335784	1415682676	9
2	1	320	1	7699829	2443	1209249	1	1415704762	0	-29	пн	0	1387971390	-	9876	-	11
1	1	0	2	11804	430	1366483	1	1391764882	0	-6	вс	0	1415729563	-	19752	-	22
5	1	403	255	5825543	88	29921	1	1378526518	0	26	чт	0	1380818306	86401	2518380	1415692655	22
3	1	134	3	5825543	263	4	1	1415719903	0	-29	вт	0	1404127145	-	29628	-	21
7	1	113	96	34482	3061	1	1	1401825510	0	26	сб	0	1405880745	86401	948096	1415730079	23
3	1	226	3	1954269	34927	98809	1	1374249309	0	2	вт	0	1396157256	-	29628	-	0
4	1	26	13	11381	430	5884	1	1410491628	0	26	ср	0	1413398111	-	128388	-	22
3	1	0	1	110077	1379	1	1	1273128330	0	26	вт	0	1415724556	0	9876	-	20
4	1	0	3	7699829	217	892160	1	1415726118	0	-29	ср	0	1415727978	-	29628	-	21
7	1	0	27	4371	97038	2	1	1379679981	0	26	сб	0	1415721266	52	266652	1415721319	20
2	1	0	1	1258842	283	1948	1	1370104337	0	26	пн	0	1415661997	0	9876	-	3
6	1	379	2	4823936	346	277291	1	1332508566	0	26	пт	0	1382839471	-	19752	-	2
7	1	6	64	133206	33222	1	1	1414903507	0	-20	сб	0	1415155650	-	632064	-	9
3	1	33	113	1954269	326	348835	1	1411494937	0	20	вт	0	1412737915	-	1115988	-	10
2	1	367	99	33410	142592	17	1	1414679770	0	-19	пн	0	1383885751	86401	977724	-	22
3	1	123	57	220	3086	4	1	1415257080	0	-24	вт	0	1405062993	86401	562932	1415729372	22
6	1	163	161	11154	359	1	1	1355718921	0	26	пт	0	1401620222	86401	1590036	1415718389	23
7	1	53	1	849	86982	1	1	1415039518	0	-21	сб	0	1411059635	-	9876	-	1
2	1	89	1	636853	82	90	1	1414611524	0	-16	пн	0	1407954928	-	9876	-	3
1	1	0	1	173674	100	4	1	1377686015	0	26	вс	0	1415733271	-	9876	-	23
5	1	-	41	175362	4221	710175	1	1380474247	0	-29	чт	1	0	86401	404916	-	13
4	1	3	27	3767	204	24	1	1408204147	0	17	ср	0	1415378433	86401	266652	-	22
2	1	135	197	112363	311	1366483	1	1414693932	0	-17	пн	0	1403963911	86401	1945572	1415690765	23
3	1	0	295	75343	815	150	1	1413457820	0	-3	вт	0	1415721051	9	2913420	1415721060	20
7	1	707	2	282351	299318	6	1	1411819521	0	16	сб	0	1354543016	-	19752	-	15
1	1	299	22	636853	5612	1	1	1390229650	0	9	вс	0	1389834035	86401	217272	1415715638	18
6	1	0	16	3122588	8453	392	1	1411499283	0	20	пт	0	1415689962	-	158016	-	11
4	1	44	62	5825543	408	444269	1	1414239524	0	-12	ср	0	1411884394	86401	612312	1415692478	12
2	1	786	15	158082	422	8	1	1362470734	0	21	пн	0	1347794496	86401	148140	-	19
3	1	32	2	5825543	263	43988	1	1391380562	0	25	вт	0	1412866841	-	19752	-	2
6	1	626	26	28012	62	2132	1	1394111651	0	26	пт	0	1361499977	-	256776	-	15
5	1	0	1	199458	408	338	1	1405667057	0	26	чт	0	1415663435	-	9876	-	3
6	1	0	17	44517	211501	1	1	1412249113	0	11	пт	0	1415704122	-	167892	-	15
4	1	2	60	101700	4403	23498	1	1399910661	0	24	ср	0	1415524373	86401	592560	-	22
5	1	0	8	5825543	151	5462	1	1414570005	0	-16	чт	0	1415724418	-	79008	-	20
6	1	0	20	7699829	260	214042	1	1414232370	0	-12	пт	0	1415665523	-	197520	-	4
1	1	0	1	7699829	146206	444269	1	1415659982	0	-29	вс	0	1415698834	0	9876	-	13
7	1	0	53	354208	251	1	1	1300966855	0	-7	сб	0	1415727980	-	523428	-	22
5	1	1	3	2667951	15246	24	1	1375691958	0	6	чт	0	1415525054	-	29628	-	0
6	1	0	1	7699829	235	102990	1	1403150320	0	26	пт	0	1415689202	-	9876	-	11
1	1	0	3	193795	331	8996	1	1414328675	0	-13	вс	0	1415677139	-	29628	-	7
2	1	87	10	4210	85	177	1	1378834505	0	26	пн	0	1408106452	-	98760	-	21
7	1	48	2	7699829	222	101060	1	1358867620	0	26	сб	0	1411501307	-	19752	-	23
5	1	0	1	5825543	2331	25	1	1411371755	0	21	чт	0	1415669164	0	9876	-	5
7	1	22	8	1954269	977	348835	1	1407327739	0	26	сб	0	1413716786	-	79008	-	18
2	1	328	46	530	364	50	1	1409490298	0	26	пн	0	1387293260	86401	454296	1415698213	14
6	1	129	11	7699829	237	12	1	1415362607	0	-25	пт	0	1404488492	86401	108636	1415654989	1
2	1	0	28	292673	59	224925	1	1415655077	0	-29	пн	0	1415710601	-	276528	-	0
3	1	189	390	1954269	231	1366483	1	1390456521	0	26	вт	0	1399373084	86401	3851640	1415709727	21
1	1	431	9	248250	306	1	1	1401015691	0	26	вс	0	1378436331	86401	88884	-	18
2	1	0	1	299	146206	135	1	1410756404	0	26	пн	0	1415699727	0	9876	-	13
2	1	-	2	4823936	107	26093	1	1415706962	0	-29	пн	0	0	-	19752	-	15
1	1	38	6	169915	207	2025	1	1412150768	0	12	вс	0	1412331822	-	59256	-	13
1	1	0	1	9494	146	41742	1	1413380560	0	-2	вс	0	1415684598	-	9876	-	9
7	1	0	1	1726	84936	12	1	1415680552	0	-29	сб	0	1415699914	0	9876	-	13
3	1	0	19	55510	96586	2996	1	1406566291	0	-9	вт	0	1415610115	-	187644	-	23
2	1	0	1	7699829	343	710175	1	1415551604	0	-28	пн	0	1415726168	-	9876	-	21
3	1	0	2	3122588	20119	16693	1	1415700547	0	-29	вт	0	1415734789	0	19752	-	23
5	1	-	2	4	97343	1	1	1373880771	0	-16	чт	0	0	-	19752	-	21
5	1	3	15	591572	335	26023	1	1414241215	0	-12	чт	0	1415369050	-	148140	-	5
4	1	230	1	473894	97038	3540	1	1392032638	0	26	ср	0	1395823102	-	9876	-	17
5	1	0	1	121255	712	277291	1	1415701094	0	-29	чт	0	1415679472	-	9876	-	8
5	1	25	281	1060	133	14	1	1412697731	0	6	чт	0	1413457820	86401	2775156	1415688163	18
1	1	0	1	1954269	19815	60664	1	1330640633	0	13	вс	0	1415726444	0	9876	-	21
2	1	0	1	198533	384	179621	1	1403373656	0	26	пн	0	1415705678	0	9876	-	15
4	1	32	190	3646724	480	1318768	1	1367503530	0	26	ср	0	1412839777	86401	1876440	1415686920	16
5	1	656	1	52589	1662	4194	1	1346737810	0	26	чт	0	1359056546	-	9876	-	0
1	1	147	47	33034	64233	4	1	1411232427	0	23	вс	0	1402920469	-	464172	-	9
3	1	0	3	27505	737	249	1	1304075024	0	26	вт	0	1415686904	0	29628	1415686904	10
7	1	74	208	226854	13405	1264	1	1415651001	0	-28	сб	0	1409233910	86401	2054208	1415695456	21
2	1	862	1	14109	115909	2	1	1415260578	0	-24	пн	0	1341216630	-	9876	-	21
5	1	647	16	4823936	388	7	1	1407215130	0	26	чт	0	1359802286	86401	158016	1415725811	21
7	1	22	95	3646724	536	1318768	1	1402063434	0	26	сб	0	1413791267	86401	938220	-	20
6	1	0	6	7699829	394	2774	1	1414087074	0	-10	пт	0	1415625685	-	59256	-	16
7	1	0	20	2120	283	4	1	1412249104	0	11	сб	0	1415665652	-	197520	-	4
3	1	55	197	67844	137	985	1	1393784291	0	26	вт	0	1410849167	86401	1945572	1415683490	0
6	1	333	3	313641	212	27671	1	1415698801	0	-29	пт	0	1386874841	-	29628	-	21
5	1	501	1	9996	6402	1	1	1399733172	0	26	чт	0	1372393240	-	9876	-	23
1	1	0	1	7699829	4541	6123	1	1387114592	0	26	вс	0	1415733397	0	9876	-	23
5	1	0	4	3122588	360	1276	1	1366999926	0	26	чт	0	1415653072	-	39504	-	2
6	1	513	10	4823936	360	2441	1	1401572244	0	26	пт	0	1371363268	-	98760	-	22
4	1	146	38	58471	126	12	1	1391156014	0	26	ср	0	1403009516	-	375288	-	17
2	1	57	34	1296	24977	1	1	1403332072	0	26	пн	0	1410658518	86401	335784	1415662985	8
5	1	0	3	3646724	323	6812	1	1385542057	0	26	чт	0	1415661606	0	29628	1415661606	3
7	1	0	1	5825543	27251	63	1	1413895670	0	-8	сб	0	1415710593	0	9876	-	16
7	1	0	1	5825543	404	126342	1	1415704997	0	-29	сб	0	1415710743	0	9876	-	16
6	1	0	1	264741	7525	197	1	1372530361	0	26	пт	0	1415656973	-	9876	-	2
2	1	55	82	5825543	355	4	1	1409757737	0	26	пн	0	1410869145	86401	809832	1415675982	21
1	1	0	33	7699829	329	2136	1	1415557214	0	-27	вс	0	1415736748	-	325908	-	0
6	1	225	2	1612	597	5	1	1406031516	0	26	пт	0	1396258823	-	19752	-	17
4	1	0	1	2667951	5637	201	1	1402240818	0	26	ср	0	1415707944	0	9876	-	16
7	1	388	100	182870	6383	20	1	1377263582	0	26	сб	0	1382087925	-	987600	-	0
7	1	385	19	2667951	219	73	1	1415706766	0	-29	сб	0	1382330007	-	187644	-	8
7	1	0	1	4823936	549	177	1	1394641178	0	26	сб	0	1415718309	-	9876	-	19
5	1	0	3	5825543	180532	8	1	1414511526	0	-15	чт	0	1415688857	-	29628	-	10
3	1	-	7	3122588	313	839	1	1415731892	0	-29	вт	1	0	0	69132	-	16
7	1	0	6	7699829	477	1366483	1	1360648909	0	24	сб	0	1415687242	0	59256	1415687242	10
7	1	6	64	55060	153780	23943	1	1411111492	0	24	сб	0	1415124073	-	632064	-	0
2	1	0	1	7699829	343	1366483	1	1412941548	0	3	пн	0	1415688854	-	9876	-	10
2	1	0	1	343920	357	13706	1	1390668897	0	26	пн	0	1415679813	0	9876	-	8
7	1	8	2	7699829	264	207858	1	1415694694	0	-29	сб	0	1414947351	-	19752	-	4
5	1	174	777	4823936	52	25	1	1410112135	0	26	чт	0	1400562633	-	7673652	-	15
5	1	270	32	1738	2519	23	1	1336282133	0	26	чт	0	1392303634	-	316032	-	19
1	1	503	2	196754	3973	151351	1	1402180921	0	26	вс	0	1372275540	86401	19752	-	23
5	1	0	1	62260	630	5369	1	1415601330	0	-28	чт	0	1415733779	0	9876	-	23
2	1	0	2	33946	56177	904	1	1415727763	0	-29	пн	0	1415661192	-	19752	-	3
5	1	0	4	31838	351	1	1	1387624611	0	26	чт	0	1415719660	-	39504	-	19
7	1	17	129	22339	311	36	1	1393848616	0	26	сб	0	1414209105	-	1274004	-	22
5	1	258	1	5825543	1749	528	1	1402178632	0	-11	чт	0	1393367900	-	9876	-	13
7	1	559	16	216618	16778	2	1	1415711769	0	-29	сб	0	1367437144	-	158016	-	0
2	1	0	1	93814	463	1088	1	1415649000	0	-28	пн	0	1415730600	-	9876	-	22
7	1	10	1	7699829	3794	892160	1	1415697132	0	-29	сб	0	1414837528	-	9876	-	21
1	1	12	271	702073	2770	93	1	1374915361	0	26	вс	0	1414578692	86401	2676396	1415693392	14
1	1	369	5	200544	46	11801	1	1387632606	0	26	вс	0	1383724648	-	49380	-	14
4	1	36	116	40	115900	10	1	1402162436	0	26	ср	0	1412469208	-	1145616	-	10
6	1	147	3	24667	391	36459	1	1415726897	0	-29	пт	0	1403006905	-	29628	-	20
7	1	12	50	2667951	500	3512	1	1409302746	0	26	сб	0	1414567951	-	493800	-	17
7	1	0	4	1093	8232	4	1	1415679436	0	-29	сб	0	1415735553	-	39504	-	0
5	1	68	20	2667951	228	17053	1	1395907998	0	26	чт	0	1409796635	-	197520	-	0
6	1	474	633	73801	432	4	1	1412783170	0	5	пт	0	1374654522	86401	6251508	1415695246	15
4	1	0	3	14591	1638	5	1	1363565135	0	26	ср	0	1415685360	0	29628	1415685360	9
3	1	2	3	5825543	97170	1366483	1	1415628288	0	-28	вт	0	1415500735	-	29628	-	7
7	1	3	5	458140	63302	93925	1	1414212364	0	-12	сб	0	1415390776	-	49380	-	15
1	1	58	220	9988	139	3	1	1394805097	0	26	вс	0	1410680156	86401	2172720	1415734411	0
7	1	59	74	7699829	148	4727	1	1410361859	0	26	сб	0	1410593672	-	730824	-	0
5	1	0	1	458140	106717	892160	1	1415731932	0	-29	чт	0	1415722041	0	9876	-	20
3	1	0	1	2667951	2328	995	1	1376832776	0	26	вт	0	1415724624	0	9876	-	20
4	1	89	3	292413	323	62	1	1409914513	0	26	ср	0	1407919402	-	29628	-	2
6	1	275	7	3122588	95904	81517	1	1415339675	0	-25	пт	0	1391859124	-	69132	-	23
7	1	116	3	3646724	520	353	1	1410174354	0	26	сб	0	1405642155	-	29628	-	20
1	1	0	4	1954269	516	348835	1	1414507467	0	-15	вс	0	1415654674	0	39504	1415654674	1
6	1	0	1	185281	143075	2	1	1403423140	0	26	пт	0	1415666700	0	9876	-	4
6	1	0	33	2667951	75	192	1	1400594766	0	-1	пт	0	1415724533	-	325908	-	0
6	1	0	3	12224	1652	48	1	1407935605	0	26	пт	0	1415672331	0	29628	1415672331	6
5	1	0	1	296836	146	8373	1	1411570065	0	19	чт	0	1415712076	0	9876	-	17
2	1	14	3	3	1	1	1	1401946235	0	24	пн	0	1414424876	-	29628	-	20
5	1	0	2	1258842	18610	71941	1	1412524617	0	8	чт	0	1415694345	-	19752	-	12
1	1	33	10	205	1002	219	1	1412836572	0	4	вс	0	1412841629	-	98760	-	21
2	1	2	335	7209	80232	1	1	1411381209	0	21	пн	0	1415434487	-	3308460	-	21
1	1	0	1	212718	7936	26093	1	1414953326	0	-20	вс	0	1415731173	0	9876	-	22
7	1	0	1	7699829	339	2507	1	1409139295	0	26	сб	0	1415727380	-	9876	-	21
4	1	54	2	335639	590	3319	1	1413351300	0	-2	ср	0	1411036751	-	19752	-	14
1	1	0	2	3122588	325	1090	1	1414757524	0	-18	вс	0	1415683506	0	19752	-	9
4	1	0	2	173674	86982	4158	1	1337074139	0	26	ср	0	1415733443	0	19752	-	23
7	1	340	14	34423	78	310	1	1411065107	0	25	сб	0	1386268159	86401	138264	1415668509	5
7	1	412	8	476714	237	503	1	1385435344	0	26	сб	0	1380084102	-	79008	-	10
2	1	55	116	4823936	1096	1	1	1329284071	0	26	пн	0	1410838767	-	1145616	-	15
1	1	0	14	7699829	1790	54480	1	1410980449	0	26	вс	0	1415665314	-	138264	-	19
1	1	0	1	3127	707	161	1	1370704974	0	26	вс	0	1415683438	-	9876	-	9
6	1	725	37	5825543	158272	444269	1	1369392761	0	25	пт	0	1353009495	-	365412	-	0
6	1	128	10	1954269	12558	348835	1	1415704185	0	-29	пт	0	1404636133	-	98760	-	20
1	1	404	18	9738	368	2717	1	1411848350	0	15	вс	0	1380727651	-	177768	-	23
1	1	56	1	30314	7234	5	1	1323494714	0	26	вс	0	1410763110	-	9876	-	1
5	1	0	1	7699829	26534	5465	1	1393827792	0	26	чт	0	1415695088	-	9876	-	12
2	1	352	24	31152	16419	123	1	1364567009	0	26	пн	0	1385283686	86401	237024	1415696646	16
1	1	25	940	199458	279	71438	1	1395629014	0	26	вс	0	1413467593	86401	9283440	1415677565	20
7	1	0	1	26083	347	305	1	1380857552	0	26	сб	0	1415683031	-	9876	-	9
6	1	234	211	7699829	254	492	1	1393226826	0	26	пт	0	1395433193	-	2083836	-	0
2	1	21	28	5825543	343	137	1	1353746748	0	26	пн	0	1413882941	-	276528	-	21
2	1	61	4	4823936	423	21019	1	1273864297	0	26	пн	0	1410339919	-	39504	-	1
7	1	0	2	5163	26	2909	1	1414620998	0	-17	сб	0	1415725484	-	19752	-	21
3	1	0	1	591572	96511	1441	1	1414855630	0	-27	вт	0	1415703158	0	9876	-	14
3	1	676	58	7699829	1252	1243	1	1408733242	0	26	вт	0	1357225003	-	572808	-	0
3	1	0	1	7699829	141	266	1	1415386164	0	-25	вт	0	1415735431	0	9876	-	23
5	1	7	5	327730	12902	184325	1	1411476714	0	20	чт	0	1415024055	-	49380	-	9
5	1	0	1	5825543	268	1366483	1	1415720948	0	-29	чт	0	1415665287	0	9876	-	4
1	1	196	33	3196	391	1	1	1411396296	0	21	вс	0	1398705587	86401	325908	-	23
1	1	17	43	4823936	541	465	1	1375178200	0	26	вс	0	1414238903	86401	424668	1415721827	20
3	1	31	85	5825543	366	26192	1	1410958001	0	26	вт	0	1412952440	86401	839460	-	18
5	1	687	18	636853	113968	213	1	1415712253	0	-29	чт	0	1356279076	-	177768	-	19
2	1	160	8	156558	15012	3100	1	1415622839	0	-28	пн	0	1401886556	-	79008	-	19
2	1	2	424	1116849	288	269	1	1410779142	0	26	пн	0	1415444978	86401	4187424	1415696330	21
7	1	0	2	285097	129130	531	1	1413657369	0	-6	сб	0	1415680438	-	19752	-	8
4	1	0	1	7699829	295	617	1	1415687291	0	-29	ср	0	1415681575	-	9876	-	8
7	1	0	1	131840	350	158474	1	1415697041	0	-29	сб	0	1415700567	0	9876	-	14
3	1	197	199	1681632	458	110	1	1415197164	0	-23	вт	0	1398658057	86401	1965324	1415704248	17
5	1	2	7	11634	6415	1	1	1414082874	1	-10	чт	0	1415481831	-	69132	-	13
2	1	0	1	3646724	234	1318768	1	1355724352	0	26	пн	0	1415729287	-	9876	-	22
7	1	0	1	98758	301	1	1	1409993648	0	26	сб	0	1415705772	-	9876	-	15
6	1	21	56	3122588	371	84	1	1413037346	0	2	пт	0	1413799479	86401	553056	1415681155	18
5	1	0	1	28292	44141	1	1	1415218078	0	-23	чт	0	1415721268	0	9876	-	19
7	1	0	16	7699829	177	207858	1	1395301031	0	26	сб	0	1415706613	-	158016	-	15
7	1	50	7	64687	16130	1535	1	1386586264	0	26	сб	0	1411404844	-	69132	-	22
4	1	270	4	3646724	6269	1318768	1	1414211124	0	-12	ср	0	1392289754	-	39504	-	17
4	1	0	3	107	30018	1	1	1413700278	0	-6	ср	0	1415687498	0	29628	1415687498	10
3	1	0	1	7699829	168	1626	1	1410720253	0	26	вт	0	1415729487	-	9876	-	22
5	1	318	5	3122588	960	71	1	1381841366	0	26	чт	0	1388209863	-	49380	-	21
6	1	0	2	966	366487	14	1	1339935407	0	25	пт	0	1415702906	-	19752	-	14
7	1	12	7	134404	15335	2797	1	1415607340	0	-28	сб	0	1414588735	-	69132	-	2
1	1	0	1	82454	33829	71941	1	1411027719	0	25	вс	0	1415726030	0	9876	-	21
6	1	57	370	413642	1009	16	1	1390553507	0	20	пт	0	1410754161	86401	3654120	1415681843	13
2	1	109	22	5825543	186	4	1	1368202870	0	26	пн	0	1406228186	-	217272	-	14
1	1	1	13	142255	153780	1	1	1415369781	0	-25	вс	0	1415560173	86401	128388	1415687869	10
3	1	0	2	7699829	12470	1318768	1	1410353819	0	26	вт	0	1415658233	-	19752	-	2
6	1	1228	13	7699829	387	1366483	1	1392825000	0	26	пт	0	1309529674	-	128388	-	22
7	1	717	43	4210	42	177	1	1415719320	0	-29	сб	0	1353742552	-	424668	-	0
5	1	251	25	13133	399	1	1	1403294733	0	26	чт	0	1394009234	-	246900	-	14
7	1	0	26	1681632	218	27671	1	1413019829	0	2	сб	0	1415704185	2	256776	1415704229	15
3	1	55	3	5825543	811	30	1	1414762570	0	-18	вт	0	1410854582	-	29628	-	16
2	1	0	1	2667951	2247	208132	1	1415345507	0	-25	пн	0	1415696652	0	9876	-	13
5	1	25	16	138141	81054	1	1	1414429311	0	-14	чт	0	1413563523	-	158016	-	23
3	1	0	5	173674	2008	4003	1	1387915914	0	26	вт	0	1415720555	0	49380	1415720555	19
7	1	0	1	1258842	385	50780	1	1403283889	0	26	сб	0	1415693737	-	9876	-	12
7	1	40	55	7699829	105	892160	1	1411140869	0	24	сб	0	1412138589	86401	543180	-	11
2	1	89	2	41504	413	50041	1	1414311018	0	-13	пн	0	1407951481	-	19752	-	19
5	1	4	34	7699829	339	1209249	1	1401200328	0	26	чт	0	1415295313	86401	335784	1415662784	21
5	1	0	2	121255	7515	2912	1	1409647410	0	26	чт	0	1415724345	-	19752	-	20
3	1	239	8	6075	3245	875	1	1366133074	0	26	вт	0	1394976532	-	79008	-	8
3	1	76	1	458140	9938	203027	1	1355197555	0	-27	вт	0	1409112626	-	9876	-	14
4	1	185	69	2667951	616	761	1	1403180667	0	26	ср	0	1399714087	86401	681444	-	0
6	1	0	1	76206	253	50	1	1409218688	0	26	пт	0	1415670520	0	9876	-	5
6	1	0	1	6805	14187	804	1	1415723247	0	-29	пт	0	1415724167	0	9876	-	20
7	1	154	132	7699829	11662	1209249	1	1415035445	0	-21	сб	0	1402319092	86401	1303632	1415670047	17
7	1	263	649	143461	161	940	1	1413544132	0	-4	сб	0	1392968801	86401	6409524	1415698653	17
6	1	0	1	46994	961	51	1	1415707860	0	-29	пт	0	1415683690	0	9876	-	9
2	1	14	151	458140	13004	101060	1	1415721531	0	-29	пн	0	1414487337	86401	1491276	1415726423	22
6	1	0	1	7699829	224	892160	1	1414874624	0	-19	пт	0	1415658387	0	9876	-	2
1	1	270	96	3674	178904	5	1	1412013412	0	14	вс	0	1392282995	86401	948096	1415682685	12
5	1	-	5	7699829	1135	1209249	1	1410754161	0	26	чт	1	0	0	49380	-	22
5	1	0	1	136199	152754	36	1	1361337420	7	18	чт	0	1415658747	0	9876	-	2
5	1	671	14	90185	193	41713	1	1414687634	0	-17	чт	0	1357738133	-	138264	-	23
3	1	0	2	7699829	358	1801	1	1379177689	0	26	вт	0	1415651790	-	19752	-	1
6	1	110	61	5190	829	1377	1	1415684698	0	-29	пт	0	1406181115	86401	602436	1415698654	0
7	1	0	1	5825543	4734	52	1	1415030800	0	-21	сб	0	1415704576	-	9876	-	15
1	1	116	9	1258842	212	53843	1	1414940687	0	-20	вс	0	1405587058	-	88884	-	10
6	1	746	1	7699829	369	1366483	1	1415690501	0	-29	пт	0	1351244902	-	9876	-	15
2	1	19	3	5825543	50	1366483	1	1414599117	0	-16	пн	0	1414082962	-	29628	-	21
7	1	112	14	987794	14951	710175	1	1399969515	0	26	сб	0	1405961535	-	138264	-	19
4	1	0	3	5825543	249	7961	1	1399898113	0	26	ср	0	1415678155	-	29628	-	7
7	1	0	12	5825543	152565	416	1	1392115969	0	26	сб	0	1415667135	-	118512	-	4
7	1	0	2	3122588	18374	57	1	1408824186	0	26	сб	0	1415732711	0	19752	-	23
1	1	147	38	156558	216	1	1	1390135527	0	26	вс	0	1402932581	86401	375288	1415723727	20
5	1	845	705	2667951	9751	5	1	1405072042	0	26	чт	0	1342610707	86401	6962580	1415684684	18
7	1	0	1	7699829	179	2	1	1369834097	0	26	сб	0	1415671944	0	9876	-	6
4	1	0	12	1116849	147	1923	1	1355310676	0	25	ср	0	1415707199	9	118512	1415707208	16
2	1	0	1	7699829	1466	1366483	1	1405288840	0	26	пн	0	1415693056	0	9876	-	12
2	1	187	8	354208	8	16	1	1371373323	0	20	пн	0	1399498088	-	79008	-	0
2	1	0	1	7699829	372	1209249	1	1415631637	0	-28	пн	0	1415721769	0	9876	-	20
1	1	0	24	7699829	11946	67463	1	1380963081	0	26	вс	0	1415717284	-	237024	-	19
4	1	5	27	3903	290	22	1	1394003752	0	26	ср	0	1415195746	-	266652	-	19
7	1	0	1	47794	574	6948	1	1402901098	0	26	сб	0	1415728802	0	9876	-	22
6	1	0	1	94	112227	110	1	1415378064	0	-26	пт	0	1415725173	-	9876	-	20
4	1	0	1	5825543	3501	1366483	1	1406630983	0	26	ср	0	1415709398	0	9876	-	16
1	1	0	1	212718	197	11335	1	1405428242	0	26	вс	0	1415696153	-	9876	-	12
7	1	264	42	7699829	129130	1318768	1	1415525286	0	-27	сб	0	1392845243	-	414792	-	0
1	1	439	46	636853	5368	223	1	1415670774	0	-29	вс	0	1377718353	-	454296	-	22
6	1	521	17	7699829	26802	3	1	1411753543	0	17	пт	0	1370631706	86401	167892	1415736292	0
3	1	0	1	987794	291	710175	1	1366701758	0	26	вт	0	1415669835	-	9876	-	5
4	1	30	65	2667951	85787	71941	1	1380058629	0	26	ср	0	1412977028	-	641940	-	23
5	1	12	6	7699829	2181	710175	1	1408619595	83	26	чт	0	1414675586	-	59256	-	21
3	1	164	2	2872	318	11	1	1356876274	0	26	вт	0	1401464220	-	19752	-	8
5	1	0	1	18393	85725	8	1	1370587523	0	26	чт	0	1415726126	0	9876	-	21
5	1	0	2	5945	9373	28	1	1415737573	0	-29	чт	0	1415692816	-	19752	-	12
5	1	0	4	5825543	302	1	1	1415618011	0	-28	чт	0	1415653546	-	39504	-	1
3	1	0	1	119222	307	8571	1	1413283643	0	-1	вт	0	1415694492	0	9876	-	12
1	1	437	638	9204	109	25	1	1415000822	0	-21	вс	0	1377864859	86401	6300888	1415659567	0
1	1	0	2	336023	344	154	1	1410357490	0	26	вс	0	1415691571	-	19752	-	11
4	1	0	2	701567	297	769	1	1406917337	0	26	ср	0	1415697348	-	19752	-	13
2	1	124	10	4221	305	1	1	1348820756	0	-29	пн	0	1404971100	-	98760	-	20
1	1	112	64	3122588	1622	348835	1	1347301049	5	26	вс	0	1406003031	86401	632064	1415702341	0
1	1	0	1	343920	25310	6771	1	1415524429	0	-27	вс	0	1415737371	-	9876	-	0
2	1	0	3	4823936	237	32	1	1415728058	0	-29	пн	0	1415698323	0	29628	1415698323	13
3	1	0	433	435231	333	5254	1	1400302807	0	26	вт	0	1415630137	23159	4276308	1415693454	14
7	1	374	15	591572	565	1	1	1415633719	0	-28	сб	0	1383305294	-	148140	-	13
4	1	178	2	3646724	120902	1318768	1	1415261714	0	-24	ср	0	1400270989	-	19752	-	21
7	1	0	1	4823936	487	33	1	1326200280	0	8	сб	0	1415714597	0	9876	-	18
2	1	0	4	7699829	121579	1209249	1	1413599793	0	-5	пн	0	1415714242	-	39504	-	18
7	1	0	1	2667951	391	32267	1	1393246047	0	26	сб	0	1415662427	0	9876	-	3
7	1	0	3	7880	389	18	1	1398147908	0	26	сб	0	1415707714	-	29628	-	16
3	1	546	151	636853	18478	158474	1	1355231457	0	26	вт	0	1368488909	-	1491276	-	18
7	1	255	46	7699829	730	25	1	1410195753	0	26	сб	0	1393638537	-	454296	-	11
1	1	0	11	109974	182	65883	1	1414170751	0	-11	вс	0	1415698098	-	108636	-	13
4	1	351	126	125862	23340	7986	1	1384701584	0	26	ср	0	1385314935	86401	1244376	1415724744	0
4	1	0	1	5214	13405	530	1	1415469633	0	-27	ср	0	1415716783	0	9876	-	18
1	1	105	22	594528	106	1	1	1270293144	0	26	вс	0	1406611715	-	217272	-	15
4	1	121	5	5825543	249	1366483	1	1383159587	0	26	ср	0	1405198641	-	49380	-	23
3	1	50	1156	1258842	228	161068	1	1402938934	0	26	вт	0	1411331225	86401	11416656	1415692891	21
7	1	0	5	196330	460	99	1	1415341386	0	-25	сб	0	1415725679	0	49380	1415725679	21
2	1	59	6	2194	238	814	1	1336748433	0	23	пн	0	1410540000	-	59256	-	20
3	1	92	23	7699829	117567	574	1	1415704391	0	-29	вт	0	1407732997	-	227148	-	17
4	1	6	46	7699829	6358	1209249	1	1394011234	0	26	ср	0	1415123557	86401	454296	1415654545	22
2	1	209	17	26771	141979	1	1	1415724542	0	-29	пн	0	1397563972	-	167892	-	10
7	1	255	28	64231	2600	596	1	1412649084	0	6	сб	0	1393591427	-	276528	-	23
4	1	0	7	144606	1563	2764	1	1383975734	0	26	ср	0	1415735684	-	69132	-	23
1	1	48	3	7699829	120603	24	1	1345375197	0	26	вс	0	1411478681	-	29628	-	22
7	1	0	5	4823936	65042	1366483	1	1240921337	0	26	сб	0	1415737281	-	49380	-	0
1	1	63	7	327730	295	184325	1	1395033536	0	21	вс	0	1410193581	-	69132	-	0
1	1	10	4	458140	295	207858	1	1314290540	0	26	вс	0	1414766519	-	39504	-	15
6	1	0	7	7699829	6997	1209249	1	1415637387	0	-28	пт	0	1415653752	-	69132	-	1
5	1	0	1	2667951	591	3	1	1413183714	0	0	чт	0	1415658554	-	9876	-	2
7	1	260	16	413642	218	1233	1	1364578806	1	26	сб	0	1393189152	-	158016	-	23
6	1	278	32	473894	182	42929	1	1369890536	0	26	пт	0	1391604766	-	316032	-	15
4	1	0	29	201721	1751	17	1	1371534637	0	26	ср	0	1415721531	14	286404	1415721545	20
1	1	25	1	3646724	462	1318768	1	1415194567	0	-23	вс	0	1413555336	-	9876	-	22
6	1	1410	102	7699829	158	67227	1	1355774298	1	17	пт	0	1293870137	86401	1007352	-	23
1	1	0	1	57440	2221	6981	1	1394247151	0	26	вс	0	1415708667	0	9876	-	16
7	1	15	7	96475	60	1	1	1366689942	0	26	сб	0	1414332466	-	69132	-	8
7	1	456	38	7699829	17406	3	1	1397399771	0	26	сб	0	1376323321	-	375288	-	0
6	1	497	301	5825543	71	64	1	1415728238	0	-29	пт	0	1372740519	86401	2972676	-	19
4	1	0	1	3122588	2312	2136	1	1395237976	0	26	ср	0	1415733892	0	9876	-	23
6	1	0	3	702073	741	48	1	1384348672	0	14	пт	0	1415705368	-	29628	-	15
4	1	0	1	5825543	227	4996	1	1326461955	0	26	ср	0	1415678658	-	9876	-	8
4	1	591	15	3646724	152237	892160	1	1405960599	0	26	ср	0	1364644709	-	148140	-	20
6	1	0	2	1206	19	11	1	1415081813	0	-29	пт	0	1415733762	-	19752	-	23
4	1	2	433	7699829	310	750	1	1414093021	0	-10	ср	0	1415459832	-	4276308	-	19
4	1	0	3	7699829	37	1366483	1	1415657597	0	-29	ср	0	1415728174	0	29628	1415728174	21
2	1	108	276	105739	12831	10	1	1413977053	0	-9	пн	0	1406280751	86401	2725776	1415691373	18
3	1	16	81	4616	35819	1	1	1363079007	1	2	вт	0	1414237607	86401	799956	1415682511	23
5	1	199	2	50349	167769	247	1	1380350278	0	26	чт	0	1398468299	-	19752	-	22
2	1	359	564	3646724	1238	1366483	1	1415445333	0	-26	пн	0	1384676069	-	5570064	-	22
3	1	21	1	7699829	374	24	1	1415708539	0	-29	вт	0	1413814641	-	9876	-	14
6	1	-	4	7699829	699	224925	1	1415728202	0	-29	пт	0	0	-	39504	-	16
3	1	598	13	462	141979	146	1	1415454957	0	-26	вт	0	1364014103	-	128388	-	22
7	1	112	25	3122588	302	417	1	1410071907	0	26	сб	0	1405941907	-	246900	-	14
2	1	140	17	7699829	185206	1165	1	1414564014	0	-16	пн	0	1403506406	-	167892	-	14
5	1	76	5	471365	2638	2	1	1414505973	0	-15	чт	0	1409099434	-	49380	-	14
2	1	68	3	28357	281	277	1	1397658311	0	26	пн	0	1409763390	-	29628	-	15
7	1	0	62	3646724	483	515854	1	1403165637	0	26	сб	0	1415735091	0	612312	1415735091	23
3	1	66	9	437181	14148	4219	1	1413823733	0	-7	вт	0	1410002980	-	88884	-	0
4	1	218	48	330417	93	110	1	1370631706	0	26	ср	0	1396862875	86401	474048	-	15
2	1	34	159	7699829	400	1209249	1	1415599190	0	-28	пн	0	1412675186	-	1570284	-	0
1	1	49	106	81044	219	7	1	1409459424	0	26	вс	0	1411384924	-	1046856	-	18
6	1	147	6	7699829	398	1478	1	1406856282	0	26	пт	0	1402992665	-	59256	-	17
5	1	0	10	5825543	498	149780	1	1382780466	0	26	чт	0	1415732173	-	98760	-	23
7	1	13	31	4823936	324	57	1	1413386813	0	-2	сб	0	1414524109	-	306156	-	21
7	1	14	68	7699829	325	1209249	1	1296551328	0	24	сб	0	1414388760	86401	671568	1415684961	10
1	1	0	3	7699829	392	1209249	1	1361641234	0	26	вс	0	1415711621	-	29628	-	17
1	1	4	1229	11194	430	3794	1	1393934117	0	26	вс	0	1415293646	86401	12137604	1415690721	23
3	1	112	50	4823936	33222	2	1	1415686876	0	-29	вт	0	1405961067	-	493800	-	22
4	1	2	26	330417	268	17	1	1415735567	0	-29	ср	0	1415436515	-	256776	-	23
3	1	8	2	85	292	4	1	1378967136	0	26	вт	0	1414903845	-	19752	-	2
6	1	42	60	7699829	154744	892160	1	1408649389	0	26	пт	0	1411994743	-	592560	-	17
2	1	338	3	987794	310	149339	1	1402053693	0	26	пн	0	1386430976	-	29628	-	18
3	1	0	8	427086	65070	208132	1	1412517142	0	8	вт	0	1415699196	-	79008	-	13
5	1	82	186	66530	40	22141	1	1415693935	0	-29	чт	0	1408530938	86401	1836936	1415682002	23
3	1	87	25	3646724	298	44037	1	1413799479	0	-7	вт	0	1408203627	-	246900	-	23
3	1	0	1	10830	11941	1	1	1412503575	0	8	вт	0	1415656605	-	9876	-	1
7	1	412	31	2667951	244	17	1	1411232695	0	23	сб	0	1380055593	-	306156	-	23
4	1	0	1	3122588	380	384457	1	1415720956	0	-29	ср	0	1415733262	0	9876	-	23
6	1	0	14	18712	40	655	1	1415726176	0	-29	пт	0	1415632164	-	138264	-	17
3	1	244	154	33	72	1	1	1408624483	0	26	вт	0	1394567186	-	1520904	-	22
6	1	18	10	431	106717	84	1	1415695174	0	-29	пт	0	1414092136	-	98760	-	22
1	1	0	1	9313	2019	18047	1	1415728296	0	-29	вс	0	1415710653	-	9876	-	16
1	1	0	1	263209	5904	1366483	1	1377768869	0	26	вс	0	1415717595	0	9876	-	18
1	1	-	3	2198	97	891	1	1413443897	0	-3	вс	1	0	0	29628	-	0
1	1	160	157	45005	414	283	1	1415686947	3	-29	вс	0	1401819777	-	1550532	-	0
